mode,entry,frequency,dB
low,0,10000,12.2,,
low,1,50000,7.6,,
low,2,200000,4.5,,
low,3,400000,2.2,,
low,4,900000,0.4,,
low,5,20000000,-0.4,,
low,6,30000000,0.0,,
low,7,100000000,-0.8,,
low,8,160000000,-1.4,,
low,9,230000000,0.3,,
low,10,290000000,0.9,,
low,11,400000000,1.5,,
low,12,520000000,1.6,,
low,13,600000000,2.2,,
low,14,660000000,3.1,,
low,15,740000000,4.1,,
low,16,790000000,6.0,,
low,17,810000000,7.6,,
low,18,820000000,9.8,,
low,19,830000000,13.2,,
direct,0,140000000,35.1,,
direct,1,150000000,34.2,,
direct,2,160000000,32.4,,
direct,3,180000000,30.0,,
direct,4,280000000,21.7,,
direct,5,300000000,20.4,,
direct,6,380000000,16.5,,
direct,7,390000000,15.9,,
direct,8,410000000,14.9,,
direct,9,430000000,14.3,,
direct,10,490000000,11.6,,
direct,11,520000000,10.7,,
direct,12,560000000,8.9,,
direct,13,830000000,1.3,,
direct,14,840000000,0.6,,
direct,15,860000000,1.5,,
direct,16,870000000,0.6,,
direct,17,960000000,2.2,,
direct,18,1040000000,3.8,,
direct,19,1130000000,6.3,,
ultra,0,30000000,-3.5,,
ultra,1,700000000,0.9,,
ultra,2,980000000,2.6,,
ultra,3,1440000000,9.1,,
ultra,4,1590000000,11.5,,
ultra,5,1900000000,13.9,,
ultra,6,2810000000,13.3,,
ultra,7,3340000000,10.0,,
ultra,8,3390000000,10.5,,
ultra,9,3930000000,9.3,,
ultra,10,4230000000,9.5,,
ultra,11,4300000000,10.2,,
ultra,12,4340000000,10.3,,
ultra,13,4810000000,14.4,,
ultra,14,5070000000,9.2,,
ultra,15,5110000000,13.3,,
ultra,16,5300000000,12.4,,
ultra,17,5510000000,12.6,,
ultra,18,5850000000,15.8,,
ultra,19,6000000000,15.9,,
lna,0,10000,11.0,,
lna,1,30000,8.5,,
lna,2,80000,6.3,,
lna,3,300000,4.5,,
lna,4,400000,3.2,,
lna,5,800000,1.0,,
lna,6,1000000,0.7,,
lna,7,10000000,0.2,,
lna,8,60000000,-0.4,,
lna,9,120000000,-0.4,,
lna,10,270000000,0.6,,
lna,11,420000000,0.7,,
lna,12,550000000,-0.1,,
lna,13,600000000,0.6,,
lna,14,680000000,0.8,,
lna,15,750000000,1.7,,
lna,16,770000000,1.8,,
lna,17,800000000,3.5,,
lna,18,820000000,5.5,,
lna,19,830000000,8.0,,
direct_lna,0,140000000,34.3,,
direct_lna,1,150000000,33.3,,
direct_lna,2,170000000,31.7,,
direct_lna,3,180000000,30.0,,
direct_lna,4,280000000,19.9,,
direct_lna,5,300000000,18.3,,
direct_lna,6,340000000,16.1,,
direct_lna,7,360000000,15.2,,
direct_lna,8,500000000,9.1,,
direct_lna,9,560000000,6.7,,
direct_lna,10,830000000,-0.7,,
direct_lna,11,840000000,-1.0,,
direct_lna,12,860000000,-0.8,,
direct_lna,13,870000000,-1.3,,
direct_lna,14,950000000,-0.4,,
direct_lna,15,1010000000,0.8,,
direct_lna,16,1030000000,1.8,,
direct_lna,17,1040000000,1.6,,
direct_lna,18,1050000000,2.0,,
direct_lna,19,1130000000,4.2,,
ultra_lna,0,30000000,1.3,,
ultra_lna,1,700000000,1.4,,
ultra_lna,2,770000000,0.5,,
ultra_lna,3,990000000,2.0,,
ultra_lna,4,1230000000,2.3,,
ultra_lna,5,2390000000,2.7,,
ultra_lna,6,2800000000,2.7,,
ultra_lna,7,2810000000,3.5,,
ultra_lna,8,3150000000,4.7,,
ultra_lna,9,3210000000,6.2,,
ultra_lna,10,3810000000,8.5,,
ultra_lna,11,4060000000,11.5,,
ultra_lna,12,4180000000,13.5,,
ultra_lna,13,4230000000,15.8,,
ultra_lna,14,4300000000,15.8,,
ultra_lna,15,4400000000,18.7,,
ultra_lna,16,4490000000,19.4,,
ultra_lna,17,4960000000,22.6,,
ultra_lna,18,5070000000,22.8,,
ultra_lna,19,6000000000,28.1,,
out,0,30000,4.7,,
out,1,100000,1.1,,
out,2,200000,-0.8,,
out,3,600000,-2.5,,
out,4,5000000,-4.0,,
out,5,10000000,-4.2,,
out,6,110000000,-4.6,,
out,7,120000000,-4.7,,
out,8,240000000,-3.6,,
out,9,300000000,-3.4,,
out,10,400000000,-3.0,,
out,11,490000000,-3.5,,
out,12,650000000,-3.4,,
out,13,690000000,-3.0,,
out,14,750000000,-2.1,,
out,15,780000000,-1.1,,
out,16,800000000,0.0,,
out,17,810000000,1.0,,
out,18,823000000,2.9,,
out,19,830000000,4.9,,
out_direct,0,500000000,-7.4,,
out_direct,1,823000000,-3.6,,
out_direct,2,830000000,-3.5,,
out_direct,3,850000000,-3.3,,
out_direct,4,860000000,-3.2,,
out_direct,5,870000000,-3.1,,
out_direct,6,880000000,-3.0,,
out_direct,7,890000000,-2.9,,
out_direct,8,900000000,-2.8,,
out_direct,9,910000000,-2.6,,
out_direct,10,920000000,-2.5,,
out_direct,11,930000000,-2.5,,
out_direct,12,1030000000,-1.1,,
out_direct,13,1040000000,-1.0,,
out_direct,14,1050000000,-0.9,,
out_direct,15,1060000000,-0.8,,
out_direct,16,1080000000,-0.4,,
out_direct,17,1100000000,-0.2,,
out_direct,18,1120000000,0.0,,
out_direct,19,1130000000,0.2,,
out_adf,0,500000000,-1.0,,
out_adf,1,1130000000,-0.3,,
out_adf,2,1240000000,2.3,,
out_adf,3,1400000000,6.7,,
out_adf,4,1500000000,8.4,,
out_adf,5,1560000000,9.0,,
out_adf,6,1610000000,9.0,,
out_adf,7,1850000000,8.5,,
out_adf,8,1970000000,8.0,,
out_adf,9,2210000000,7.7,,
out_adf,10,2350000000,8.5,,
out_adf,11,2600000000,7.7,,
out_adf,12,2800000000,6.2,,
out_adf,13,2810000000,5.3,,
out_adf,14,2940000000,3.4,,
out_adf,15,3000000000,3.1,,
out_adf,16,3250000000,3.1,,
out_adf,17,3480000000,5.2,,
out_adf,18,3830000000,9.5,,
out_adf,19,4400000000,11.1,,
out_ultra,0,823000000,-3.5,,
out_ultra,1,1130000000,-1.8,,
out_ultra,2,1390000000,0.7,,
out_ultra,3,1580000000,0.7,,
out_ultra,4,1950000000,-2.2,,
out_ultra,5,2210000000,-2.2,,
out_ultra,6,2800000000,0.8,,
out_ultra,7,2810000000,0.1,,
out_ultra,8,2980000000,-0.1,,
out_ultra,9,3100000000,0.8,,
out_ultra,10,3200000000,0.7,,
out_ultra,11,3360000000,1.9,,
out_ultra,12,3380000000,1.6,,
out_ultra,13,3600000000,2.2,,
out_ultra,14,3720000000,1.3,,
out_ultra,15,3820000000,1.6,,
out_ultra,16,3990000000,0.8,,
out_ultra,17,4220000000,1.8,,
out_ultra,18,5010000000,7.6,,
out_ultra,19,5400000000,7.3,,
