1000 -86
1004 -85.3
1009 -84.8
1013 -85
1018 -85
1022 -85
1027 -84.9
1031 -84.5
1036 -84.7
1040 -84.6
1045 -84.6
1049 -84.5
1053 -84.5
1058 -84.4
1062 -84.5
1067 -84.4
1071 -84.4
1076 -84.4
1080 -84.4
1085 -84.3
1089 -84.2
1094 -84.2
1098 -84.3
1102 -84.5
1107 -84.6
1111 -84.6
1116 -84.7
1120 -84.9
1125 -85
1129 -85.2
1134 -85.2
1138 -85.3
1143 -85.4
1147 -85.6
1151 -85.6
1156 -86
1160 -86.2
1165 -86.4
1169 -86.5
1174 -86.6
1178 -86.5
1183 -86.5
1187 -86.6
1192 -86.6
1196 -86.6
1200 -86.4
1205 -86.4
1209 -86.4
1214 -86.5
1218 -86.5
1223 -86.6
1227 -86.5
1232 -86.5
1236 -86.4
1241 -86.4
1245 -86.2
1249 -86.2
1254 -86.3
1258 -86.1
1263 -86.1
1267 -86.2
1272 -86.3
1276 -86.2
1281 -86.2
1285 -86
1290 -86
1294 -85.7
1298 -85.6
1303 -85.5
1307 -85.3
1312 -85.2
1316 -85.2
1321 -85.2
1325 -85.3
1330 -85.2
1334 -85.2
1339 -85.1
1343 -85.1
1347 -85.1
1352 -85.2
1356 -85
1361 -85
1365 -85.3
1370 -85.4
1374 -85.2
1379 -85.4
1383 -85.5
1388 -85.6
1392 -85.5
1396 -85.6
1401 -85.8
1405 -85.8
1410 -85.8
1414 -85.7
1419 -85.8
1423 -85.7
1428 -85.9
1432 -85.9
1437 -85.7
1441 -85.7
1445 -86
1450 -85.9
1454 -85.6
1459 -85.5
1463 -85.5
1468 -85.3
1472 -85.1
1477 -85
1481 -85.1
1486 -85.1
1490 -85.1
1494 -85.1
1499 -85
1503 -85
1508 -84.9
1512 -84.9
1517 -84.9
1521 -85
1526 -85.2
1530 -85.2
1535 -85.2
1539 -85.2
1543 -85.2
1548 -85.2
1552 -85.3
1557 -85.1
1561 -85.1
1566 -84.9
1570 -85
1575 -85
1579 -85.1
1584 -85
1588 -84.9
1592 -84.8
1597 -84.6
1601 -84.8
1606 -84.6
1610 -84.6
1615 -84.7
1619 -84.8
1624 -84.7
1628 -84.8
1633 -84.9
1637 -85
1641 -85.1
1646 -85
1650 -84.9
1655 -85
1659 -85
1664 -85.1
1668 -85.1
1673 -85.1
1677 -85.2
1682 -85.2
1686 -85.1
1690 -85
1695 -85.1
1699 -85.2
1704 -85.2
1708 -85.2
1713 -85
1717 -85.1
1722 -85.2
1726 -85.3
1731 -85.2
1735 -85.3
1739 -85.3
1744 -85.3
1748 -85.2
1753 -85.2
1757 -85.2
1762 -85.3
1766 -85.3
1771 -85.4
1775 -85.5
1780 -85.6
1784 -85.6
1788 -85.7
1793 -85.5
1797 -85.3
1802 -85.5
1806 -85.5
1811 -85.6
1815 -85.6
1820 -85.7
1824 -85.7
1829 -85.7
1833 -85.6
1837 -85.6
1842 -85.5
1846 -85.3
1851 -85
1855 -85
1860 -84.9
1864 -85
1869 -85.1
1873 -85
1878 -85
1882 -85
1886 -84.9
1891 -84.9
1895 -84.8
1900 -84.7
1904 -84.8
1909 -84.8
1913 -84.6
1918 -84.7
1922 -84.8
1927 -84.8
1931 -84.7
1935 -84.8
1940 -84.7
1944 -84.7
1949 -84.9
1953 -84.7
1958 -84.7
1962 -84.7
1967 -84.7
1971 -84.9
1976 -85
1980 -85.1
1984 -85.2
1989 -85.4
1993 -85.4
1998 -85.6
2002 -85.6
2007 -85.7
2011 -85.7
2016 -85.8
2020 -85.7
2024 -85.9
2029 -86
2033 -86.1
2038 -86.2
2042 -86.2
2047 -86.1
2051 -86.2
2056 -86.4
2060 -86.3
2065 -86.4
2069 -86.3
2073 -86.2
2078 -86.3
2082 -86.4
2087 -86.1
2091 -86.1
2096 -86
2100 -86.2
2105 -86.1
2109 -86.2
2114 -86.1
2118 -86
2122 -86
2127 -86
2131 -86
2136 -85.9
2140 -86
2145 -86.2
2149 -86
2154 -85.9
2158 -86.2
2163 -86.2
2167 -86.3
2171 -86.2
2176 -86.3
2180 -86.2
2185 -86.3
2189 -86.4
2194 -86.4
2198 -86.5
2203 -86.6
2207 -86.8
2212 -86.9
2216 -86.8
2220 -86.9
2225 -87
2229 -87
2234 -87
2238 -87
2243 -87.1
2247 -87
2252 -87.1
2256 -87.2
2261 -87.2
2265 -87.1
2269 -87.2
2274 -87.2
2278 -87.1
2283 -87.1
2287 -87.2
2292 -87.3
2296 -87.2
2301 -87.3
2305 -87.4
2310 -87.5
2314 -87.6
2318 -87.7
2323 -87.9
2327 -87.9
2332 -87.9
2336 -88
2341 -87.9
2345 -87.9
2350 -87.9
2354 -88
2359 -87.9
2363 -88
2367 -88.1
2372 -88
2376 -88
2381 -88
2385 -88
2390 -87.9
2394 -88
2399 -88
2403 -88
2408 -88.1
2412 -88.1
2416 -88.2
2421 -88.3
2425 -88.3
2430 -88.3
2434 -88.4
2439 -88.2
2443 -88.1
2448 -88.2
2452 -88.3
2457 -88.1
2461 -88.3
2465 -88.2
2470 -88.2
2474 -88.3
2479 -88.2
2483 -88.3
2488 -88.4
2492 -88.5
2497 -88.6
2501 -88.7
2506 -88.8
2510 -89
2514 -89.2
2519 -89.1
2523 -89.1
2528 -89.2
2532 -89.2
2537 -89.1
2541 -89
2546 -88.9
2550 -88.9
2555 -88.8
2559 -88.6
2563 -88.7
2568 -88.6
2572 -88.5
2577 -88.3
2581 -88.3
2586 -88.3
2590 -88.2
2595 -88.2
2599 -88.4
2604 -88.4
2608 -88.5
2612 -88.8
2617 -88.7
2621 -88.7
2626 -89
2630 -89.2
2635 -89.1
2639 -89.3
2644 -89.3
2648 -89.4
2653 -89.4
2657 -89.5
2661 -89.8
2666 -90
2670 -90
2675 -90.2
2679 -90.3
2684 -90.1
2688 -90.4
2693 -90.6
2697 -90.6
2702 -90.7
2706 -90.6
2710 -90.7
2715 -90.9
2719 -91
2724 -91
2728 -91
2733 -91
2737 -91
2742 -91
2746 -90.9
2751 -90.8
2755 -90.8
2759 -90.7
2764 -90.7
2768 -90.6
2773 -90.4
2777 -90.4
2782 -90.4
2786 -90.1
2791 -90.1
2795 -90.1
2800 -89.9
2804 -89.9
2808 -89.8
2813 -89.6
2817 -89.6
2822 -89.6
2826 -89.6
2831 -89.5
2835 -89.4
2840 -89.2
2844 -89.4
2849 -89.3
2853 -89.2
2857 -89.5
2862 -89.4
2866 -89.4
2871 -89.3
2875 -89.4
2880 -89.4
2884 -89.5
2889 -89.5
2893 -89.4
2898 -89.5
2902 -89.5
2906 -89.6
2911 -89.6
2915 -89.5
2920 -89.5
2924 -89.3
2929 -89.2
2933 -89.3
2938 -89.4
2942 -89.5
2947 -89.4
2951 -89.5
2955 -89.5
2960 -89.5
2964 -89.5
2969 -89.5
2973 -89.5
2978 -89.5
2982 -89.7
2987 -89.7
2991 -89.8
2996 -90
3000 -89.9
3000 -89.7
3016 -89.6
3031 -89.6
3047 -89.5
3062 -89.5
3078 -89.5
3094 -89.5
3109 -89.4
3125 -89.4
3140 -89.3
3156 -89.2
3171 -89
3187 -89
3203 -88.9
3218 -88.8
3234 -88.8
3249 -88.9
3265 -88.9
3281 -88.7
3296 -88.6
3312 -88.4
3327 -88.5
3343 -88.4
3359 -88.6
3374 -88.5
3390 -88.7
3405 -88.5
3421 -88.6
3437 -88.5
3452 -88.6
3468 -88.6
3483 -88.5
3499 -88.5
3514 -88.4
3530 -88.4
3546 -88.4
3561 -88.5
3577 -88.5
3592 -88.5
3608 -88.4
3624 -88.4
3639 -88.3
3655 -88.3
3670 -88.3
3686 -88.3
3702 -88.2
3717 -88.2
3733 -88.2
3748 -88.3
3764 -88.4
3780 -88.4
3795 -88.5
3811 -88.4
3826 -88.4
3842 -88.2
3857 -88.2
3873 -88.2
3889 -88.3
3904 -88.3
3920 -88.3
3935 -88.3
3951 -88.3
3967 -88.4
3982 -88.4
3998 -88.3
4013 -88.4
4029 -88.6
4045 -88.6
4060 -88.8
4076 -88.8
4091 -89
4107 -89.3
4122 -89.3
4138 -89.5
4154 -89.6
4169 -89.7
4185 -89.7
4200 -89.9
4216 -89.9
4232 -90.1
4247 -90.2
4263 -90.2
4278 -90.3
4294 -90.2
4310 -90.2
4325 -90.5
4341 -90.5
4356 -90.5
4372 -90.5
4388 -90.6
4403 -90.8
4419 -91
4434 -91.4
4450 -91.6
4465 -91.7
4481 -91.9
4497 -92.1
4512 -92.3
4528 -92.3
4543 -92.4
4559 -92.6
4575 -92.6
4590 -92.5
4606 -92.7
4621 -92.7
4637 -92.7
4653 -92.7
4668 -92.8
4684 -92.7
4699 -92.6
4715 -92.7
4731 -92.8
4746 -92.8
4762 -92.8
4777 -92.9
4793 -93
4808 -93
4824 -93
4840 -93.1
4855 -92.9
4871 -92.8
4886 -92.6
4902 -92.7
4918 -92.5
4933 -92.3
4949 -92.1
4964 -92
4980 -91.9
4996 -91.8
5011 -91.6
5027 -91.5
5042 -91.4
5058 -91.4
5073 -91.3
5089 -91.3
5105 -91.3
5120 -91.3
5136 -91.3
5151 -91.1
5167 -91.1
5183 -91.1
5198 -91
5214 -91
5229 -90.9
5245 -90.8
5261 -90.8
5276 -90.8
5292 -90.7
5307 -90.6
5323 -90.5
5339 -90.6
5354 -90.6
5370 -90.8
5385 -90.8
5401 -91.1
5416 -91.2
5432 -91.3
5448 -91.4
5463 -91.4
5479 -91.5
5494 -91.5
5510 -91.5
5526 -91.5
5541 -91.4
5557 -91.5
5572 -91.4
5588 -91.2
5604 -91.2
5619 -91.1
5635 -91
5650 -91
5666 -90.9
5682 -90.8
5697 -90.8
5713 -90.9
5728 -91
5744 -91.1
5759 -91.1
5775 -91
5791 -91.2
5806 -91.3
5822 -91.3
5837 -91.4
5853 -91.5
5869 -91.6
5884 -91.5
5900 -91.4
5915 -91.4
5931 -91.5
5947 -91.6
5962 -91.6
5978 -91.6
5993 -91.6
6009 -91.8
6024 -91.9
6040 -92
6056 -92
6071 -92.2
6087 -92.4
6102 -92.5
6118 -92.6
6134 -93
6149 -93.1
6165 -93.2
6180 -93.2
6196 -93.3
6212 -93.4
6227 -93.5
6243 -93.5
6258 -93.5
6274 -93.6
6290 -93.7
6305 -93.7
6321 -93.8
6336 -93.6
6352 -93.8
6367 -93.9
6383 -94
6399 -94.3
6414 -94.5
6430 -94.6
6445 -94.8
6461 -95
6477 -95
6492 -95.1
6508 -95.1
6523 -95.2
6539 -95.1
6555 -95.1
6570 -95.1
6586 -95.1
6601 -95.1
6617 -94.9
6633 -94.8
6648 -94.6
6664 -94.5
6679 -94.6
6695 -94.6
6710 -94.5
6726 -94.5
6742 -94.5
6757 -94.6
6773 -94.6
6788 -94.7
6804 -94.7
6820 -94.7
6835 -94.8
6851 -94.5
6866 -94.5
6882 -94.2
6898 -94
6913 -93.7
6929 -93.3
6944 -93
6960 -92.7
6976 -92.5
6991 -92.5
7007 -92.4
7022 -92.4
7038 -92.3
7053 -92.3
7069 -92.2
7085 -92.3
7100 -92.5
7116 -92.6
7131 -92.8
7147 -92.9
7163 -93
7178 -93.2
7194 -93.3
7209 -93.2
7225 -93.3
7241 -93.1
7256 -93.1
7272 -92.9
7287 -92.9
7303 -92.9
7318 -92.8
7334 -92.6
7350 -92.6
7365 -92.6
7381 -92.7
7396 -92.6
7412 -92.6
7428 -92.5
7443 -92.6
7459 -92.7
7474 -92.7
7490 -92.9
7506 -92.7
7521 -92.8
7537 -92.7
7552 -92.6
7568 -92.7
7584 -92.7
7599 -92.8
7615 -92.7
7630 -92.8
7646 -92.8
7661 -92.8
7677 -92.9
7693 -92.9
7708 -93
7724 -93
7739 -93.1
7755 -93.4
7771 -93.5
7786 -93.8
7802 -94.1
7817 -94.3
7833 -94.4
7849 -94.4
7864 -94.6
7880 -94.5
7895 -94.5
7911 -94.6
7927 -94.6
7942 -94.5
7958 -94.5
7973 -94.4
7989 -94.3
8004 -94.2
8020 -94.1
8036 -94
8051 -93.9
8067 -93.8
8082 -93.9
8098 -94
8114 -94
8129 -94.2
8145 -94.5
8160 -94.8
8176 -95
8192 -95.1
8207 -95.2
8223 -95.6
8238 -95.8
8254 -95.8
8269 -96
8285 -96
8301 -96
8316 -96.1
8332 -96.1
8347 -96.1
8363 -96.3
8379 -96.2
8394 -96.2
8410 -95.9
8425 -95.9
8441 -96.1
8457 -96.1
8472 -96.1
8488 -96.3
8503 -96.2
8519 -96.2
8535 -96.2
8550 -96.1
8566 -96.1
8581 -96
8597 -95.7
8612 -95.4
8628 -95.3
8644 -95.2
8659 -95
8675 -94.8
8690 -94.4
8706 -94.2
8722 -93.8
8737 -93.6
8753 -93.3
8768 -93.1
8784 -92.7
8800 -92.7
8815 -92.5
8831 -92.4
8846 -92.3
8862 -92.2
8878 -92.1
8893 -92
8909 -92.1
8924 -92.1
8940 -92.2
8955 -92.3
8971 -92.4
8987 -92.5
9002 -92.7
9018 -92.9
9033 -93.1
9049 -93.2
9065 -93.5
9080 -93.7
9096 -93.8
9111 -94.2
9127 -94.4
9143 -94.5
9158 -94.4
9174 -94.4
9189 -94.4
9205 -94.4
9220 -94.5
9236 -94.3
9252 -94.2
9267 -94
9283 -93.9
9298 -93.8
9314 -93.7
9330 -93.6
9345 -93.5
9361 -93.3
9376 -93.2
9392 -93.1
9408 -93.2
9423 -93.4
9439 -93.5
9454 -93.6
9470 -93.7
9486 -93.9
9501 -94
9517 -94.4
9532 -94.5
9548 -94.6
9563 -94.6
9579 -94.8
9595 -94.9
9610 -95
9626 -95
9641 -95.2
9657 -95.3
9673 -95.1
9688 -95
9704 -94.9
9719 -94.9
9735 -94.8
9751 -94.8
9766 -94.8
9782 -94.8
9797 -94.7
9813 -94.7
9829 -94.6
9844 -94.4
9860 -94.2
9875 -94
9891 -93.9
9906 -93.5
9922 -93.2
9938 -92.7
9953 -92.1
9969 -91.6
9984 -91
10000 -90.5
10000 -90.5
10045 -90.6
10089 -90.8
10134 -91
10178 -91.1
10223 -91.3
10267 -91.4
10312 -91.8
10356 -92
10401 -92.4
10445 -92.9
10490 -93.5
10535 -94.2
10579 -94.5
10624 -95
10668 -95.6
10713 -95.5
10757 -95.2
10802 -95
10846 -94.9
10891 -94.8
10935 -94.6
10980 -94.4
11024 -94.1
11069 -93.9
11114 -93.7
11158 -93.4
11203 -93
11247 -92.6
11292 -92.6
11336 -92.3
11381 -92.2
11425 -92.2
11470 -92.2
11514 -92.2
11559 -92.2
11604 -92.2
11648 -92.4
11693 -92.5
11737 -92.8
11782 -93
11826 -93.2
11871 -93.4
11915 -93.8
11960 -94.1
12004 -94.4
12049 -94.6
12094 -94.8
12138 -94.9
12183 -95
12227 -95.1
12272 -95.1
12316 -95.2
12361 -95.1
12405 -95.2
12450 -95
12494 -94.8
12539 -94.6
12584 -94.3
12628 -94.2
12673 -94.2
12717 -93.9
12762 -94
12806 -93.9
12851 -93.7
12895 -93.6
12940 -93.4
12984 -93.4
13029 -93.2
13073 -93.2
13118 -93.2
13163 -93.3
13207 -93.5
13252 -93.6
13296 -93.9
13341 -94
13385 -94.1
13430 -94.3
13474 -94.1
13519 -94.3
13563 -94.5
13608 -94.6
13653 -94.7
13697 -94.7
13742 -94.7
13786 -95
13831 -95
13875 -95
13920 -95
13964 -95.2
14009 -95.1
14053 -95
14098 -94.9
14143 -95
14187 -95.2
14232 -95.1
14276 -94.9
14321 -94.9
14365 -95
14410 -95
14454 -95.2
14499 -95.1
14543 -95.1
14588 -95.1
14633 -95
14677 -94.8
14722 -94.6
14766 -94.5
14811 -94.6
14855 -94.4
14900 -94.2
14944 -94.3
14989 -94.4
15033 -94.4
15078 -94.4
15122 -94.3
15167 -94.2
15212 -94.2
15256 -94.2
15301 -94.3
15345 -94.4
15390 -94.5
15434 -94.7
15479 -95
15523 -95.4
15568 -95.7
15612 -95.8
15657 -96.1
15702 -96.3
15746 -96.7
15791 -96.9
15835 -97
15880 -97.5
15924 -97.8
15969 -98.2
16013 -98.5
16058 -98.6
16102 -98.5
16147 -98.3
16192 -97.8
16236 -97.3
16281 -97
16325 -96.8
16370 -96.5
16414 -96.3
16459 -96.1
16503 -96.2
16548 -96.4
16592 -96.4
16637 -96.4
16682 -96.3
16726 -96.2
16771 -96.3
16815 -96.6
16860 -97
16904 -97.5
16949 -98.1
16993 -98.8
17038 -99.1
17082 -99.3
17127 -99.6
17171 -99.8
17216 -99.9
17261 -100
17305 -100.1
17350 -99.9
17394 -99.8
17439 -99.3
17483 -99
17528 -98.6
17572 -98.3
17617 -98
17661 -97.8
17706 -97.6
17751 -97.8
17795 -98
17840 -97.9
17884 -97.9
17929 -97.9
17973 -97.8
18018 -97.7
18062 -98
18107 -98.1
18151 -98.5
18196 -98.9
18241 -99.4
18285 -99.9
18330 -100.2
18374 -100.2
18419 -100.2
18463 -100
18508 -100
18552 -100.1
18597 -100
18641 -100
18686 -99.9
18731 -99.7
18775 -99.5
18820 -99.5
18864 -99.5
18909 -99.5
18953 -99.6
18998 -99.5
19042 -99.5
19087 -99.7
19131 -99.9
19176 -100.1
19220 -100.2
19265 -100.4
19310 -100.5
19354 -100.7
19399 -100.8
19443 -101
19488 -101.3
19532 -101.7
19577 -101.9
19621 -102.1
19666 -102.2
19710 -102.4
19755 -102.4
19800 -102.2
19844 -102.1
19889 -101.8
19933 -101.4
19978 -101.4
20022 -101
20067 -100.8
20111 -100.5
20156 -100.6
20200 -100.5
20245 -100.2
20290 -100
20334 -99.8
20379 -99.6
20423 -99.4
20468 -99.4
20512 -99.6
20557 -99.7
20601 -99.8
20646 -100.2
20690 -100.2
20735 -100.5
20780 -100.5
20824 -100.8
20869 -100.8
20913 -100.8
20958 -101.2
21002 -101.2
21047 -101.4
21091 -101.6
21136 -101.7
21180 -101.5
21225 -101.4
21269 -101.3
21314 -101.4
21359 -101.5
21403 -101.6
21448 -101.6
21492 -101.7
21537 -101.9
21581 -102
21626 -102
21670 -101.9
21715 -101.8
21759 -101.8
21804 -101.6
21849 -101.6
21893 -101.8
21938 -102
21982 -102
22027 -102.1
22071 -102
22116 -101.9
22160 -101.8
22205 -101.7
22249 -101.6
22294 -101.6
22339 -101.6
22383 -101.4
22428 -101.3
22472 -100.9
22517 -100.6
22561 -100.4
22606 -100.4
22650 -100.2
22695 -100.3
22739 -100.4
22784 -100.5
22829 -100.7
22873 -100.7
22918 -100.7
22962 -100.9
23007 -100.8
23051 -100.9
23096 -101.1
23140 -101.4
23185 -101.9
23229 -102.3
23274 -102.6
23318 -102.7
23363 -102.8
23408 -102.7
23452 -102.5
23497 -102.3
23541 -102.1
23586 -102.2
23630 -102.3
23675 -102.1
23719 -101.9
23764 -101.6
23808 -101.5
23853 -101.2
23898 -101
23942 -101.1
23987 -101.1
24031 -101.1
24076 -101.3
24120 -101.3
24165 -101.5
24209 -101.5
24254 -101.6
24298 -101.5
24343 -101.7
24388 -101.8
24432 -102.1
24477 -102.4
24521 -102.4
24566 -102.7
24610 -103
24655 -103
24699 -103.2
24744 -103.3
24788 -103.5
24833 -103.5
24878 -103.5
24922 -103.5
24967 -103.5
25011 -103.5
25056 -103.3
25100 -103.3
25145 -103.3
25189 -103.2
25234 -103.3
25278 -103.4
25323 -103.1
25367 -102.9
25412 -102.7
25457 -102.5
25501 -102.3
25546 -102.4
25590 -102.3
25635 -102.3
25679 -102.2
25724 -102.2
25768 -102.3
25813 -101.9
25857 -101.7
25902 -101.8
25947 -101.8
25991 -101.7
26036 -101.8
26080 -102
26125 -102
26169 -102
26214 -101.8
26258 -101.6
26303 -101.8
26347 -101.9
26392 -102.1
26437 -102.2
26481 -102.3
26526 -102.7
26570 -102.8
26615 -102.8
26659 -103
26704 -103.1
26748 -103.1
26793 -103
26837 -103
26882 -103.1
26927 -103.2
26971 -103.3
27016 -103.2
27060 -103.2
27105 -103
27149 -102.8
27194 -102.7
27238 -102.5
27283 -102.4
27327 -102.3
27372 -102.3
27416 -102.1
27461 -102
27506 -101.9
27550 -101.9
27595 -101.8
27639 -101.6
27684 -101.5
27728 -101.5
27773 -101.6
27817 -101.7
27862 -101.8
27906 -101.8
27951 -101.7
27996 -101.9
28040 -101.8
28085 -101.9
28129 -101.9
28174 -101.9
28218 -101.9
28263 -101.9
28307 -102
28352 -102.2
28396 -102.4
28441 -102.6
28486 -102.6
28530 -102.6
28575 -102.6
28619 -102.8
28664 -102.9
28708 -102.9
28753 -103
28797 -103
28842 -103
28886 -102.9
28931 -102.9
28976 -103
29020 -103.1
29065 -103.1
29109 -103
29154 -102.6
29198 -102.6
29243 -102.6
29287 -102.4
29332 -102.4
29376 -102.4
29421 -102.2
29465 -102.1
29510 -102.1
29555 -102.1
29599 -102.1
29644 -102.2
29688 -102.3
29733 -102.2
29777 -102.2
29822 -102.3
29866 -102.4
29911 -102.4
29955 -102.3
30000 -102.4
30000 -102.4
30156 -102.5
30312 -102.9
30468 -103
30624 -103
30780 -103
30935 -103.1
31091 -103.2
31247 -103
31403 -103
31559 -103.1
31715 -103.2
31871 -103.4
32027 -103.6
32183 -103.9
32339 -104.1
32494 -104
32650 -103.9
32806 -103.7
32962 -103.7
33118 -103.6
33274 -103.7
33430 -103.6
33586 -103.7
33742 -103.8
33898 -103.8
34053 -104
34209 -104.1
34365 -104
34521 -104
34677 -103.9
34833 -103.7
34989 -103.7
35145 -103.8
35301 -104
35457 -104.1
35612 -104.6
35768 -105
35924 -105.2
36080 -105.3
36236 -105.3
36392 -105.4
36548 -105.1
36704 -105.1
36860 -105
37016 -104.9
37171 -105
37327 -105.2
37483 -105.7
37639 -105.8
37795 -105.8
37951 -105.9
38107 -105.6
38263 -105.4
38419 -105.3
38575 -105.1
38731 -105.1
38886 -105.1
39042 -105.1
39198 -105.3
39354 -105.5
39510 -105.7
39666 -105.8
39822 -105.8
39978 -105.4
40134 -105.4
40290 -105.2
40445 -104.9
40601 -105
40757 -105
40913 -105.2
41069 -105.6
41225 -105.8
41381 -106
41537 -106.4
41693 -106.2
41849 -106.1
42004 -106
42160 -105.9
42316 -105.8
42472 -105.9
42628 -106
42784 -106.3
42940 -106.6
43096 -106.7
43252 -106.9
43408 -106.9
43563 -106.8
43719 -106.7
43875 -106.5
44031 -106.3
44187 -106.3
44343 -106.3
44499 -106.4
44655 -106.7
44811 -106.9
44967 -106.9
45122 -107
45278 -107
45434 -106.8
45590 -106.8
45746 -106.5
45902 -106.5
46058 -106.4
46214 -106.5
46370 -106.6
46526 -106.7
46682 -107
46837 -107.2
46993 -107.5
47149 -107.4
47305 -107.3
47461 -107.2
47617 -107.1
47773 -107.1
47929 -107.2
48085 -107.3
48241 -107.3
48396 -107.5
48552 -107.6
48708 -107.7
48864 -107.8
49020 -107.7
49176 -107.5
49332 -107.5
49488 -107.3
49644 -107.1
49800 -107.2
49955 -107.3
50111 -107.4
50267 -107.5
50423 -107.6
50579 -107.6
50735 -107.6
50891 -107.6
51047 -107.5
51203 -107.4
51359 -107.4
51514 -107.2
51670 -107.3
51826 -107.2
51982 -107.3
52138 -107.6
52294 -107.9
52450 -108
52606 -108
52762 -108
52918 -107.9
53073 -107.9
53229 -107.8
53385 -107.7
53541 -107.8
53697 -107.8
53853 -107.9
54009 -108.3
54165 -108.4
54321 -108.4
54477 -108.4
54633 -108.3
54788 -108.1
54944 -108
55100 -107.8
55256 -107.7
55412 -107.8
55568 -107.9
55724 -108.1
55880 -108.4
56036 -108.6
56192 -108.6
56347 -108.5
56503 -108.2
56659 -108.1
56815 -108
56971 -108
57127 -108
57283 -108
57439 -108.2
57595 -108.5
57751 -108.7
57906 -108.9
58062 -108.9
58218 -108.9
58374 -108.6
58530 -108.4
58686 -108.6
58842 -108.7
58998 -108.7
59154 -108.8
59310 -108.8
59465 -109
59621 -109
59777 -109.2
59933 -109.1
60089 -108.9
60245 -108.7
60401 -108.4
60557 -108.2
60713 -108.3
60869 -108.4
61024 -108.5
61180 -108.3
61336 -108.4
61492 -108.6
61648 -108.6
61804 -108.8
61960 -108.5
62116 -108.4
62272 -108.3
62428 -108.2
62584 -108.3
62739 -108.5
62895 -108.6
63051 -108.9
63207 -109
63363 -109.1
63519 -109.1
63675 -109.2
63831 -109
63987 -108.9
64143 -108.9
64298 -108.8
64454 -108.9
64610 -108.9
64766 -109.1
64922 -109.3
65078 -109.5
65234 -109.6
65390 -109.7
65546 -109.7
65702 -109.6
65857 -109.5
66013 -109.3
66169 -109.3
66325 -109.5
66481 -109.6
66637 -109.7
66793 -109.9
66949 -110
67105 -110.3
67261 -110.3
67416 -110
67572 -109.9
67728 -109.6
67884 -109.5
68040 -109.4
68196 -109.4
68352 -109.5
68508 -109.7
68664 -110
68820 -110
68976 -110.1
69131 -110.1
69287 -110.1
69443 -109.9
69599 -109.6
69755 -109.5
69911 -109.6
70067 -109.5
70223 -109.7
70379 -109.7
70535 -110.1
70690 -110.3
70846 -110.4
71002 -110.3
71158 -110.2
71314 -110.1
71470 -109.9
71626 -110
71782 -110.1
71938 -110.2
72094 -110.2
72249 -110.5
72405 -110.6
72561 -110.8
72717 -110.9
72873 -110.8
73029 -110.4
73185 -110.2
73341 -109.9
73497 -109.9
73653 -109.9
73808 -109.9
73964 -110.1
74120 -110
74276 -110.1
74432 -110.2
74588 -110.3
74744 -110
74900 -109.8
75056 -109.7
75212 -109.6
75367 -109.6
75523 -109.8
75679 -109.9
75835 -110
75991 -110.2
76147 -110.3
76303 -110.6
76459 -110.4
76615 -110.4
76771 -110.3
76927 -110.1
77082 -109.9
77238 -110
77394 -110
77550 -110.1
77706 -110.3
77862 -110.6
78018 -110.6
78174 -110.5
78330 -110.6
78486 -110.3
78641 -110.3
78797 -110.1
78953 -110.1
79109 -109.9
79265 -110
79421 -110.1
79577 -110.4
79733 -110.5
79889 -110.6
80045 -110.2
80200 -110
80356 -109.8
80512 -109.8
80668 -109.9
80824 -109.8
80980 -110
81136 -110
81292 -110.1
81448 -110.1
81604 -110.3
81759 -110.4
81915 -110.4
82071 -110.3
82227 -110.4
82383 -110.3
82539 -110.7
82695 -110.6
82851 -110.4
83007 -110.5
83163 -110.7
83318 -110.9
83474 -111
83630 -111.2
83786 -111.1
83942 -111
84098 -110.8
84254 -110.5
84410 -110.4
84566 -110.4
84722 -110.3
84878 -110.4
85033 -110.5
85189 -110.8
85345 -111.1
85501 -111
85657 -110.8
85813 -110.6
85969 -110.4
86125 -110.3
86281 -110.2
86437 -110.3
86592 -110.3
86748 -110.5
86904 -110.8
87060 -111.1
87216 -111.1
87372 -111.3
87528 -111.3
87684 -111.1
87840 -110.9
87996 -110.8
88151 -110.7
88307 -110.6
88463 -110.7
88619 -110.8
88775 -111
88931 -111.1
89087 -111.2
89243 -111.3
89399 -111.2
89555 -110.8
89710 -110.8
89866 -110.6
90022 -110.5
90178 -110.6
90334 -110.8
90490 -111.1
90646 -111.4
90802 -111.5
90958 -111.4
91114 -111.3
91269 -111.3
91425 -111.2
91581 -111.1
91737 -110.9
91893 -110.7
92049 -110.8
92205 -110.9
92361 -110.9
92517 -111.2
92673 -111.1
92829 -111.4
92984 -111.2
93140 -111
93296 -110.9
93452 -110.9
93608 -111
93764 -111.1
93920 -111.3
94076 -111.4
94232 -111.7
94388 -111.9
94543 -112.2
94699 -112.4
94855 -112.5
95011 -112.3
95167 -112.3
95323 -112
95479 -111.9
95635 -112.1
95791 -112.3
95947 -112.4
96102 -112.5
96258 -112.6
96414 -112.5
96570 -112.6
96726 -112.4
96882 -112.3
97038 -111.8
97194 -111.6
97350 -111.5
97506 -111.5
97661 -111.5
97817 -111.6
97973 -111.8
98129 -111.7
98285 -111.7
98441 -111.7
98597 -111.5
98753 -111.3
98909 -111.3
99065 -111
99220 -111
99376 -111.1
99532 -111.3
99688 -111.5
99844 -111.6
100000 -111.7
100000 -111.7
100445 -111.7
100891 -111.4
101336 -111.4
101782 -111.5
102227 -111.5
102673 -111.6
103118 -111.8
103563 -111.8
104009 -111.9
104454 -111.9
104900 -111.7
105345 -111.6
105791 -111.4
106236 -111.2
106682 -111
107127 -111
107572 -110.9
108018 -111
108463 -111
108909 -111
109354 -110.9
109800 -110.8
110245 -110.5
110690 -110.5
111136 -110.5
111581 -110.5
112027 -110.6
112472 -110.7
112918 -110.7
113363 -110.7
113808 -111
114254 -111
114699 -111.1
115145 -111.1
115590 -111.1
116036 -110.9
116481 -110.9
116927 -110.7
117372 -110.8
117817 -110.9
118263 -111
118708 -111
119154 -110.7
119599 -110.7
120045 -110.7
120490 -111
120935 -110.9
121381 -111
121826 -111
122272 -111.1
122717 -111.2
123163 -111.4
123608 -111.4
124053 -111.5
124499 -111.6
124944 -111.7
125390 -111.7
125835 -111.8
126281 -112
126726 -112
127171 -112
127617 -111.6
128062 -111.5
128508 -111.4
128953 -111.2
129399 -111
129844 -111.1
130290 -111
130735 -111.1
131180 -111.1
131626 -110.9
132071 -111
132517 -110.9
132962 -111
133408 -111
133853 -111.1
134298 -111.2
134744 -111.4
135189 -111.2
135635 -111.3
136080 -111.3
136526 -111.3
136971 -111.2
137416 -111.2
137862 -111.3
138307 -111.1
138753 -111.2
139198 -111.1
139644 -111.1
140089 -110.9
140535 -110.8
140980 -110.9
141425 -110.9
141871 -110.9
142316 -111.1
142762 -111.2
143207 -111.3
143653 -111.4
144098 -111.7
144543 -111.7
144989 -111.7
145434 -111.7
145880 -111.6
146325 -111.8
146771 -112
147216 -112
147661 -112.2
148107 -112.1
148552 -112.1
148998 -112
149443 -112.2
149889 -112
150334 -112
150780 -111.9
151225 -111.7
151670 -111.8
152116 -111.7
152561 -112
153007 -112.1
153452 -112
153898 -111.7
154343 -111.8
154788 -111.8
155234 -111.7
155679 -111.7
156125 -111.6
156570 -111.3
157016 -111.2
157461 -111.4
157906 -111.4
158352 -111.4
158797 -111.2
159243 -110.9
159688 -110.7
160134 -110.8
160579 -110.8
161024 -111
161470 -111
161915 -110.8
162361 -110.9
162806 -110.7
163252 -110.9
163697 -111
164143 -111.1
164588 -111
165033 -111
165479 -111.2
165924 -111.3
166370 -111.4
166815 -111.4
167261 -111.4
167706 -111.1
168151 -111.1
168597 -111
169042 -111.1
169488 -111.4
169933 -111.5
170379 -111.7
170824 -111.4
171269 -111.4
171715 -111.6
172160 -111.5
172606 -111.4
173051 -111.7
173497 -111.8
173942 -111.9
174388 -111.7
174833 -112
175278 -111.8
175724 -111.9
176169 -112
176615 -111.9
177060 -111.9
177506 -111.8
177951 -112
178396 -111.9
178842 -111.9
179287 -112
179733 -111.9
180178 -111.6
180624 -111.7
181069 -111.7
181514 -111.8
181960 -111.8
182405 -111.8
182851 -111.8
183296 -111.6
183742 -111.4
184187 -111.4
184633 -111.4
185078 -111.3
185523 -111.2
185969 -111.2
186414 -111
186860 -111
187305 -111
187751 -110.9
188196 -110.8
188641 -110.9
189087 -110.8
189532 -110.9
189978 -110.7
190423 -110.8
190869 -110.8
191314 -110.9
191759 -111
192205 -110.9
192650 -111.2
193096 -111.3
193541 -111.4
193987 -111.5
194432 -111.4
194878 -111.5
195323 -111.6
195768 -111.6
196214 -111.6
196659 -111.6
197105 -111.7
197550 -111.6
197996 -111.3
198441 -111.5
198886 -111.6
199332 -111.6
199777 -111.6
200223 -111.7
200668 -111.7
201114 -111.8
201559 -111.9
202004 -112
202450 -112
202895 -112
203341 -112
203786 -112
204232 -111.9
204677 -112.2
205122 -112.4
205568 -112.2
206013 -112
206459 -112
206904 -111.9
207350 -111.9
207795 -111.7
208241 -111.7
208686 -111.8
209131 -111.6
209577 -111.6
210022 -111.4
210468 -111.6
210913 -111.6
211359 -111.7
211804 -111.5
212249 -111.5
212695 -111.5
213140 -111.5
213586 -111.4
214031 -111.3
214477 -111.1
214922 -111.1
215367 -111.2
215813 -111
216258 -111
216704 -111
217149 -111.3
217595 -111.1
218040 -111.1
218486 -111.1
218931 -111.2
219376 -111.2
219822 -111.2
220267 -111.5
220713 -111.5
221158 -111.6
221604 -111.6
222049 -111.6
222494 -111.5
222940 -111.7
223385 -111.6
223831 -111.5
224276 -111.3
224722 -111.5
225167 -111.6
225612 -111.5
226058 -111.6
226503 -111.5
226949 -111.4
227394 -111.2
227840 -111.3
228285 -111.4
228731 -111.6
229176 -111.8
229621 -111.6
230067 -111.4
230512 -111.3
230958 -111.4
231403 -111.6
231849 -111.4
232294 -111.3
232739 -111.1
233185 -111.2
233630 -111.3
234076 -111.4
234521 -111.2
234967 -111.1
235412 -110.9
235857 -110.8
236303 -110.6
236748 -110.7
237194 -110.6
237639 -110.8
238085 -110.8
238530 -110.9
238976 -111.1
239421 -111
239866 -111.4
240312 -111.3
240757 -111.3
241203 -111.2
241648 -111.2
242094 -111.2
242539 -111.4
242984 -111.4
243430 -111.5
243875 -111.5
244321 -111.6
244766 -111.5
245212 -111.4
245657 -111.2
246102 -111
246548 -111
246993 -110.7
247439 -110.6
247884 -110.6
248330 -110.6
248775 -110.8
249220 -110.9
249666 -110.9
250111 -110.9
250557 -110.8
251002 -110.9
251448 -111
251893 -111
252339 -111
252784 -111
253229 -111
253675 -111
254120 -111
254566 -111.1
255011 -111.1
255457 -111.1
255902 -111
256347 -110.8
256793 -111
257238 -110.7
257684 -110.8
258129 -110.8
258575 -110.7
259020 -110.8
259465 -110.6
259911 -110.5
260356 -110.6
260802 -110.7
261247 -110.7
261693 -110.7
262138 -110.6
262584 -110.7
263029 -110.7
263474 -110.7
263920 -110.5
264365 -110.5
264811 -110.5
265256 -110.6
265702 -110.7
266147 -110.6
266592 -110.8
267038 -111
267483 -111
267929 -111
268374 -111
268820 -110.9
269265 -111
269710 -111.1
270156 -111
270601 -111
271047 -111
271492 -111.1
271938 -111.1
272383 -111.1
272829 -111
273274 -111.1
273719 -111
274165 -110.9
274610 -110.7
275056 -110.8
275501 -110.8
275947 -110.9
276392 -110.8
276837 -110.8
277283 -110.8
277728 -111
278174 -111.2
278619 -111.2
279065 -111.2
279510 -111.2
279955 -111.2
280401 -110.9
280846 -111.1
281292 -111
281737 -111.1
282183 -111
282628 -111
283073 -111
283519 -110.9
283964 -111
284410 -111.1
284855 -111.2
285301 -111.1
285746 -111.2
286192 -111.1
286637 -111.3
287082 -111.3
287528 -111.6
287973 -111.6
288419 -111.6
288864 -111.7
289310 -111.8
289755 -111.8
290200 -111.7
290646 -111.7
291091 -111.4
291537 -111.4
291982 -111.2
292428 -111.2
292873 -110.9
293318 -110.9
293764 -110.7
294209 -110.5
294655 -110.6
295100 -110.5
295546 -110.4
295991 -110.2
296437 -110.2
296882 -110.1
297327 -110.3
297773 -110.5
298218 -110.8
298664 -110.7
299109 -110.8
299555 -110.6
300000 -110.9
300000 -110.8
301559 -110.7
303118 -111
304677 -110.8
306236 -110.8
307795 -110.9
309354 -110.9
310913 -110.9
312472 -110.8
314031 -110.7
315590 -110.6
317149 -110.5
318708 -110.4
320267 -110.3
321826 -110.3
323385 -110
324944 -110.1
326503 -110.2
328062 -109.9
329621 -109.8
331180 -110.1
332739 -110.1
334298 -110.3
335857 -110.4
337416 -110.6
338976 -110.6
340535 -110.8
342094 -110.8
343653 -110.8
345212 -110.8
346771 -111.1
348330 -111.4
349889 -111.5
351448 -111.6
353007 -111.7
354566 -111.6
356125 -111.5
357684 -111.6
359243 -111.4
360802 -111.5
362361 -111.4
363920 -111.5
365479 -111.2
367038 -111.2
368597 -111.1
370156 -111.1
371715 -110.9
373274 -111
374833 -110.9
376392 -110.8
377951 -110.7
379510 -110.9
381069 -111
382628 -110.9
384187 -111
385746 -111
387305 -111.1
388864 -111
390423 -111.1
391982 -111.2
393541 -111.5
395100 -111.5
396659 -111.6
398218 -111.4
399777 -111.6
401336 -111.9
402895 -112
404454 -112
406013 -112.1
407572 -112.1
409131 -112.1
410690 -112.1
412249 -112.1
413808 -112.3
415367 -112.5
416927 -112.7
418486 -112.7
420045 -112.7
421604 -112.8
423163 -112.9
424722 -113
426281 -112.9
427840 -112.8
429399 -112.8
430958 -112.9
432517 -113
434076 -113.1
435635 -113.2
437194 -113.3
438753 -113.4
440312 -113.3
441871 -113.2
443430 -113.2
444989 -113.1
446548 -113.2
448107 -113.1
449666 -113
451225 -113
452784 -113.1
454343 -113.3
455902 -113.4
457461 -113.4
459020 -113.3
460579 -113.3
462138 -113.3
463697 -113.2
465256 -113.3
466815 -113.5
468374 -113.3
469933 -113.5
471492 -113.5
473051 -113.7
474610 -113.7
476169 -113.9
477728 -114.1
479287 -114
480846 -113.8
482405 -113.8
483964 -114.1
485523 -114.3
487082 -114.4
488641 -114.5
490200 -114.7
491759 -114.6
493318 -114.9
494878 -115.2
496437 -115.1
497996 -115.4
499555 -115.5
501114 -115.5
502673 -115.4
504232 -115.6
505791 -115.7
507350 -115.8
508909 -115.7
510468 -115.7
512027 -115.9
513586 -115.8
515145 -115.6
516704 -115.7
518263 -116
519822 -116
521381 -116.2
522940 -116.2
524499 -116.2
526058 -116.2
527617 -116.4
529176 -116.5
530735 -116.4
532294 -116.5
533853 -116.7
535412 -116.8
536971 -116.8
538530 -116.7
540089 -116.8
541648 -117
543207 -116.9
544766 -116.9
546325 -116.8
547884 -116.8
549443 -116.8
551002 -117.1
552561 -117.2
554120 -117.2
555679 -117.6
557238 -117.5
558797 -117.7
560356 -117.8
561915 -117.9
563474 -118.1
565033 -118.1
566592 -117.9
568151 -118.2
569710 -118.2
571269 -118.2
572829 -118.3
574388 -118.4
575947 -118.3
577506 -118.2
579065 -118.3
580624 -118.2
582183 -118.4
583742 -118.3
585301 -118.4
586860 -118.4
588419 -118.5
589978 -118.4
591537 -118.5
593096 -118.5
594655 -118.7
596214 -118.8
597773 -118.6
599332 -118.7
600891 -118.7
602450 -118.7
604009 -118.5
605568 -118.4
607127 -118.4
608686 -118.6
610245 -118.7
611804 -118.6
613363 -118.7
614922 -118.9
616481 -119.1
618040 -119.2
619599 -119.1
621158 -119.3
622717 -119.9
624276 -119.8
625835 -120
627394 -120.2
628953 -120.5
630512 -120.8
632071 -120.8
633630 -120.7
635189 -120.5
636748 -120.6
638307 -120.7
639866 -120.7
641425 -120.6
642984 -120.6
644543 -120.7
646102 -120.6
647661 -120.3
649220 -120.3
650780 -120.3
652339 -120.3
653898 -120.4
655457 -120.1
657016 -120.4
658575 -120.4
660134 -120.5
661693 -120.5
663252 -120.5
664811 -120.5
666370 -120.5
667929 -120.6
669488 -120.6
671047 -120.5
672606 -120.6
674165 -120.6
675724 -120.5
677283 -120.5
678842 -120.2
680401 -120.6
681960 -120.6
683519 -120.4
685078 -120.7
686637 -121
688196 -121.1
689755 -121.3
691314 -121.3
692873 -121.3
694432 -121.3
695991 -121.5
697550 -121.5
699109 -121.8
700668 -121.8
702227 -121.7
703786 -121.9
705345 -121.9
706904 -122
708463 -122.2
710022 -122.1
711581 -121.9
713140 -121.7
714699 -121.5
716258 -121.5
717817 -121.5
719376 -121.7
720935 -121.7
722494 -121.5
724053 -121.7
725612 -121.9
727171 -122
728731 -121.8
730290 -121.8
731849 -121.6
733408 -121.5
734967 -121.6
736526 -121.7
738085 -122
739644 -122.4
741203 -122.4
742762 -122.5
744321 -122.5
745880 -122.5
747439 -122.8
748998 -122.6
750557 -122.7
752116 -122.6
753675 -123
755234 -123.2
756793 -123.3
758352 -123.4
759911 -123.3
761470 -123.4
763029 -123.3
764588 -123.4
766147 -123.6
767706 -123.4
769265 -123.2
770824 -123.5
772383 -123.5
773942 -123.4
775501 -123.5
777060 -123.5
778619 -123.4
780178 -123.4
781737 -123.6
783296 -123.4
784855 -123.6
786414 -123.7
787973 -123.6
789532 -123.3
791091 -123.1
792650 -123.1
794209 -123.3
795768 -123.2
797327 -123.1
798886 -123.3
800445 -123.2
802004 -123.4
803563 -123.4
805122 -123.1
806682 -122.9
808241 -123.2
809800 -123
811359 -122.8
812918 -123
814477 -123.3
816036 -123.5
817595 -123.9
819154 -123.9
820713 -124.1
822272 -124.1
823831 -123.9
825390 -124.1
826949 -124.1
828508 -124
830067 -124.2
831626 -124.3
833185 -124.3
834744 -124.1
836303 -124.3
837862 -124.1
839421 -124
840980 -124.1
842539 -124
844098 -124.1
845657 -124.1
847216 -124.3
848775 -124.4
850334 -124.3
851893 -124.2
853452 -124.3
855011 -124.3
856570 -124.4
858129 -124.3
859688 -124.6
861247 -124.7
862806 -124.9
864365 -124.9
865924 -125
867483 -124.8
869042 -124.8
870601 -124.9
872160 -124.6
873719 -124.6
875278 -124.5
876837 -124.6
878396 -124.6
879955 -124.6
881514 -124.7
883073 -124.8
884633 -124.7
886192 -124.7
887751 -124.6
889310 -124.6
890869 -124.6
892428 -124.8
893987 -124.8
895546 -124.8
897105 -125
898664 -124.9
900223 -125.1
901782 -125.2
903341 -125.3
904900 -125.4
906459 -125.4
908018 -125.1
909577 -125.2
911136 -125.1
912695 -124.9
914254 -124.6
915813 -124.7
917372 -124.5
918931 -124.3
920490 -124
922049 -124.1
923608 -124
925167 -123.9
926726 -123.8
928285 -123.7
929844 -123.7
931403 -123.6
932962 -123.7
934521 -123.7
936080 -123.8
937639 -123.7
939198 -124
940757 -124.1
942316 -124.1
943875 -124.1
945434 -124.2
946993 -124.2
948552 -124.6
950111 -124.7
951670 -124.8
953229 -124.9
954788 -124.7
956347 -124.7
957906 -124.8
959465 -125
961024 -125
962584 -125.3
964143 -125.1
965702 -124.9
967261 -124.8
968820 -125.1
970379 -125.3
971938 -125.3
973497 -125.4
975056 -125.2
976615 -125.4
978174 -125.2
979733 -125.1
981292 -125.2
982851 -125.1
984410 -124.9
985969 -125
987528 -125
989087 -125.2
990646 -125.4
992205 -125.5
993764 -125.4
995323 -125.2
996882 -125.1
998441 -124.8
1000000 -125
