1063 -73
1067 -72.7
1072 -73.5
1076 -73.8
1080 -73.8
1085 -73.7
1089 -73.9
1093 -74
1098 -74.1
1102 -74.1
1106 -74.1
1110 -74
1115 -74
1119 -73.9
1123 -73.8
1128 -73.8
1132 -73.8
1136 -73.8
1141 -73.7
1145 -73.6
1149 -73.6
1154 -73.7
1158 -73.7
1162 -73.6
1167 -73.5
1171 -73.4
1175 -73.3
1179 -73.3
1184 -73.2
1188 -73.1
1192 -73.2
1197 -73.2
1201 -73.3
1205 -73.3
1210 -73.1
1214 -73.1
1218 -73
1223 -72.9
1227 -72.7
1231 -72.6
1236 -72.6
1240 -72.7
1244 -72.7
1249 -72.8
1253 -72.8
1257 -72.8
1261 -72.7
1266 -72.6
1270 -72.4
1274 -72.4
1279 -72.5
1283 -72.5
1287 -72.6
1292 -72.6
1296 -72.5
1300 -72.6
1305 -72.6
1309 -72.5
1313 -72.5
1318 -72.5
1322 -72.5
1326 -72.5
1330 -72.6
1335 -72.6
1339 -72.8
1343 -72.8
1348 -72.8
1352 -72.9
1356 -72.8
1361 -73
1365 -73
1369 -73.1
1374 -73.3
1378 -73.3
1382 -73.3
1387 -73.4
1391 -73.5
1395 -73.5
1399 -73.5
1404 -73.6
1408 -73.7
1412 -73.7
1417 -73.8
1421 -73.8
1425 -73.8
1430 -73.8
1434 -73.8
1438 -73.8
1443 -73.6
1447 -73.8
1451 -73.8
1456 -73.8
1460 -73.7
1464 -73.8
1469 -73.8
1473 -73.8
1477 -73.8
1481 -73.8
1486 -73.9
1490 -74
1494 -74.1
1499 -74.1
1503 -74.2
1507 -74.3
1512 -74.3
1516 -74.3
1520 -74.3
1525 -74.4
1529 -74.4
1533 -74.4
1538 -74.4
1542 -74.4
1546 -74.6
1550 -74.6
1555 -74.6
1559 -74.6
1563 -74.7
1568 -74.7
1572 -74.7
1576 -74.8
1581 -74.9
1585 -75
1589 -75.2
1594 -75.1
1598 -75.3
1602 -75.3
1607 -75.3
1611 -75.4
1615 -75.4
1620 -75.5
1624 -75.6
1628 -75.6
1632 -75.5
1637 -75.4
1641 -75.5
1645 -75.5
1650 -75.6
1654 -75.5
1658 -75.5
1663 -75.5
1667 -75.4
1671 -75.5
1676 -75.6
1680 -75.7
1684 -75.6
1689 -75.6
1693 -75.5
1697 -75.4
1701 -75.4
1706 -75.5
1710 -75.5
1714 -75.4
1719 -75.3
1723 -75.3
1727 -75.2
1732 -75.3
1736 -75.3
1740 -75.3
1745 -75.3
1749 -75.2
1753 -75.2
1758 -75.1
1762 -75.2
1766 -75.2
1771 -75.2
1775 -75.2
1779 -75.2
1783 -75.2
1788 -75.3
1792 -75.4
1796 -75.5
1801 -75.4
1805 -75.6
1809 -75.5
1814 -75.6
1818 -75.7
1822 -75.7
1827 -75.8
1831 -75.9
1835 -75.9
1840 -76.1
1844 -76.2
1848 -76.2
1852 -76.2
1857 -76.2
1861 -76.3
1865 -76.4
1870 -76.4
1874 -76.4
1878 -76.5
1883 -76.6
1887 -76.6
1891 -76.6
1896 -76.6
1900 -76.7
1904 -76.7
1909 -76.7
1913 -76.9
1917 -77.1
1921 -77.2
1926 -77.2
1930 -77.2
1934 -77.2
1939 -77.3
1943 -77.5
1947 -77.5
1952 -77.5
1956 -77.7
1960 -77.8
1965 -77.9
1969 -78
1973 -78.2
1978 -78.3
1982 -78.3
1986 -78.2
1991 -78.3
1995 -78.3
1999 -78.5
2003 -78.7
2008 -78.8
2012 -78.8
2016 -78.9
2021 -78.8
2025 -78.8
2029 -78.9
2034 -78.8
2038 -78.7
2042 -78.7
2047 -78.8
2051 -78.7
2055 -78.7
2060 -78.7
2064 -78.7
2068 -78.7
2072 -78.6
2077 -78.5
2081 -78.4
2085 -78.4
2090 -78.6
2094 -78.6
2098 -78.6
2103 -78.6
2107 -78.7
2111 -78.7
2116 -78.8
2120 -78.8
2124 -78.9
2129 -78.9
2133 -79
2137 -79
2142 -79.1
2146 -79.1
2150 -79.1
2154 -79.2
2159 -79.2
2163 -79.2
2167 -79.3
2172 -79.5
2176 -79.4
2180 -79.5
2185 -79.5
2189 -79.5
2193 -79.7
2198 -79.8
2202 -79.8
2206 -79.9
2211 -79.9
2215 -79.8
2219 -80
2223 -79.9
2228 -79.8
2232 -79.9
2236 -79.9
2241 -79.9
2245 -80.1
2249 -80.1
2254 -80.1
2258 -80.2
2262 -80
2267 -80
2271 -79.9
2275 -79.9
2280 -79.9
2284 -79.8
2288 -79.6
2292 -79.5
2297 -79.5
2301 -79.5
2305 -79.3
2310 -79.2
2314 -79.1
2318 -78.8
2323 -78.7
2327 -78.5
2331 -78.5
2336 -78.3
2340 -78.3
2344 -78.3
2349 -78.2
2353 -78.2
2357 -78.3
2362 -78.3
2366 -78.2
2370 -78.2
2374 -78.2
2379 -78.3
2383 -78.1
2387 -78.2
2392 -78.2
2396 -78.1
2400 -78
2405 -78
2409 -77.9
2413 -77.9
2418 -77.8
2422 -77.9
2426 -77.8
2431 -77.7
2435 -77.8
2439 -77.6
2443 -77.7
2448 -77.6
2452 -77.5
2456 -77.6
2461 -77.5
2465 -77.6
2469 -77.6
2474 -77.6
2478 -77.6
2482 -77.6
2487 -77.6
2491 -77.5
2495 -77.4
2500 -77.4
2504 -77.3
2508 -77.4
2513 -77.4
2517 -77.5
2521 -77.5
2525 -77.5
2530 -77.5
2534 -77.6
2538 -77.6
2543 -77.5
2547 -77.4
2551 -77.4
2556 -77.4
2560 -77.4
2564 -77.5
2569 -77.5
2573 -77.5
2577 -77.4
2582 -77.5
2586 -77.5
2590 -77.5
2594 -77.5
2599 -77.5
2603 -77.6
2607 -77.7
2612 -77.9
2616 -78
2620 -78.1
2625 -78.2
2629 -78.2
2633 -78.2
2638 -78.4
2642 -78.5
2646 -78.6
2651 -78.6
2655 -78.7
2659 -78.8
2664 -78.9
2668 -79
2672 -79.1
2676 -78.9
2681 -79
2685 -79.1
2689 -79.2
2694 -79.2
2698 -79.4
2702 -79.5
2707 -79.4
2711 -79.4
2715 -79.6
2720 -79.7
2724 -79.9
2728 -80
2733 -80.1
2737 -80.3
2741 -80.4
2745 -80.7
2750 -80.8
2754 -80.8
2758 -80.8
2763 -80.9
2767 -80.9
2771 -81
2776 -81.1
2780 -81.2
2784 -81.2
2789 -81.2
2793 -81.2
2797 -81.2
2802 -81.1
2806 -81
2810 -81
2814 -80.9
2819 -80.8
2823 -80.8
2827 -80.9
2832 -80.9
2836 -80.9
2840 -80.8
2845 -80.8
2849 -80.7
2853 -80.7
2858 -80.8
2862 -80.7
2866 -80.7
2871 -80.7
2875 -80.7
2879 -80.7
2884 -80.7
2888 -80.7
2892 -80.7
2896 -80.7
2901 -80.7
2905 -80.8
2909 -80.8
2914 -80.9
2918 -80.9
2922 -80.9
2927 -80.8
2931 -80.9
2935 -81
2940 -80.9
2944 -81
2948 -81.1
2953 -80.9
2957 -81
2961 -80.8
2965 -80.8
2970 -80.9
2974 -80.6
2978 -80.6
2983 -80.4
2987 -80.3
2991 -80.3
2996 -80.1
3000 -80.1
3000 -80
3016 -79.9
3031 -79.7
3047 -79.6
3062 -79.5
3078 -79.3
3094 -79.4
3109 -79.2
3125 -79
3140 -79
3156 -79
3171 -78.9
3187 -78.7
3203 -78.7
3218 -78.7
3234 -78.5
3249 -78.6
3265 -78.5
3281 -78.5
3296 -78.4
3312 -78.4
3327 -78.4
3343 -78.2
3359 -78.2
3374 -78.2
3390 -78.1
3405 -78
3421 -78
3437 -78
3452 -77.7
3468 -77.6
3483 -77.5
3499 -77.2
3514 -77.1
3530 -76.9
3546 -76.8
3561 -76.6
3577 -76.5
3592 -76.4
3608 -76.4
3624 -76.3
3639 -76.2
3655 -76.3
3670 -76.3
3686 -76.5
3702 -76.6
3717 -76.6
3733 -76.7
3748 -76.9
3764 -76.9
3780 -77.1
3795 -77.3
3811 -77.5
3826 -77.7
3842 -77.9
3857 -77.8
3873 -78
3889 -78.1
3904 -78.2
3920 -78.2
3935 -78.2
3951 -78.4
3967 -78.7
3982 -78.7
3998 -78.8
4013 -79
4029 -79.1
4045 -79.2
4060 -79.2
4076 -79.4
4091 -79.5
4107 -79.9
4122 -80.1
4138 -80.6
4154 -80.7
4169 -81
4185 -81.4
4200 -81.7
4216 -81.9
4232 -82.4
4247 -82.7
4263 -82.9
4278 -83.2
4294 -83.6
4310 -84
4325 -84.3
4341 -84.5
4356 -84.5
4372 -84.6
4388 -84.4
4403 -84.4
4419 -84.4
4434 -84.3
4450 -84
4465 -83.7
4481 -83.5
4497 -83.3
4512 -83.2
4528 -83
4543 -82.6
4559 -82.3
4575 -82
4590 -81.8
4606 -81.6
4621 -81.5
4637 -81.4
4653 -81.4
4668 -81.2
4684 -81
4699 -81
4715 -80.9
4731 -80.7
4746 -80.6
4762 -80.5
4777 -80.5
4793 -80.3
4808 -80.3
4824 -80.1
4840 -79.8
4855 -79.6
4871 -79.3
4886 -79
4902 -78.9
4918 -78.8
4933 -78.7
4949 -78.5
4964 -78.5
4980 -78.4
4996 -78.3
5011 -78.3
5027 -78.3
5042 -78.4
5058 -78.4
5073 -78.5
5089 -78.9
5105 -79.3
5120 -79.6
5136 -79.9
5151 -80.1
5167 -80.3
5183 -80.6
5198 -80.9
5214 -81.1
5229 -81.2
5245 -81.4
5261 -81.5
5276 -81.6
5292 -81.8
5307 -82
5323 -82.2
5339 -82.2
5354 -82.1
5370 -82.2
5385 -82.2
5401 -82.2
5416 -82.3
5432 -82.2
5448 -82.3
5463 -82.4
5479 -82.5
5494 -82.8
5510 -83
5526 -83
5541 -83.1
5557 -83.3
5572 -83.4
5588 -83.6
5604 -83.7
5619 -83.9
5635 -83.9
5650 -84.1
5666 -84.2
5682 -84.2
5697 -84.2
5713 -84.4
5728 -84.4
5744 -84.2
5759 -84.3
5775 -84.3
5791 -84.3
5806 -84.1
5822 -84.1
5837 -84
5853 -84
5869 -83.9
5884 -83.9
5900 -83.7
5915 -83.5
5931 -83.5
5947 -83.4
5962 -83.2
5978 -82.9
5993 -82.8
6009 -82.4
6024 -82.4
6040 -82
6056 -81.8
6071 -81.4
6087 -81.2
6102 -80.9
6118 -80.8
6134 -80.5
6149 -80.6
6165 -80.5
6180 -80.4
6196 -80.4
6212 -80.4
6227 -80.4
6243 -80.5
6258 -80.6
6274 -80.7
6290 -80.9
6305 -81.2
6321 -81.5
6336 -81.9
6352 -82.3
6367 -82.4
6383 -82.7
6399 -82.9
6414 -83.2
6430 -83.5
6445 -83.6
6461 -84
6477 -84.1
6492 -84.4
6508 -84.8
6523 -85.2
6539 -85.5
6555 -85.7
6570 -85.9
6586 -85.9
6601 -86.1
6617 -86.4
6633 -86.4
6648 -86.3
6664 -86.3
6679 -86.2
6695 -86.1
6710 -85.9
6726 -85.9
6742 -85.7
6757 -85.4
6773 -85.1
6788 -84.8
6804 -84.6
6820 -84.3
6835 -84.1
6851 -83.6
6866 -83.4
6882 -83.2
6898 -83.1
6913 -83
6929 -82.9
6944 -82.8
6960 -82.6
6976 -82.6
6991 -82.4
7007 -82.3
7022 -82.2
7038 -82.2
7053 -82
7069 -81.8
7085 -81.8
7100 -81.8
7116 -82
7131 -82
7147 -82
7163 -81.8
7178 -81.7
7194 -81.6
7209 -81.7
7225 -81.6
7241 -81.4
7256 -81.5
7272 -81.5
7287 -81.3
7303 -81.3
7318 -81.4
7334 -81.3
7350 -81.3
7365 -80.9
7381 -80.9
7396 -80.8
7412 -80.7
7428 -80.7
7443 -80.6
7459 -80.5
7474 -80.5
7490 -80.6
7506 -80.4
7521 -80.4
7537 -80.4
7552 -80.6
7568 -80.6
7584 -80.7
7599 -80.9
7615 -81
7630 -81
7646 -81.2
7661 -81.4
7677 -81.5
7693 -81.6
7708 -81.7
7724 -81.8
7739 -81.8
7755 -81.8
7771 -81.9
7786 -82
7802 -81.9
7817 -82
7833 -81.9
7849 -81.9
7864 -81.9
7880 -81.9
7895 -82
7911 -82.1
7927 -82.2
7942 -82.4
7958 -82.5
7973 -82.6
7989 -82.8
8004 -83
8020 -83.1
8036 -83.3
8051 -83.6
8067 -83.6
8082 -83.8
8098 -83.8
8114 -83.8
8129 -83.9
8145 -83.8
8160 -83.7
8176 -83.6
8192 -83.5
8207 -83.5
8223 -83.3
8238 -83.2
8254 -83.1
8269 -82.9
8285 -82.7
8301 -82.4
8316 -82.4
8332 -82.4
8347 -82.2
8363 -82.1
8379 -82.1
8394 -82.2
8410 -82.3
8425 -82.5
8441 -82.6
8457 -82.5
8472 -82.7
8488 -82.8
8503 -83
8519 -83.1
8535 -83.1
8550 -83.2
8566 -83.2
8581 -83.1
8597 -83.2
8612 -83.2
8628 -83.2
8644 -83.2
8659 -83.1
8675 -83.1
8690 -83
8706 -83.1
8722 -83.1
8737 -83
8753 -83
8768 -83
8784 -83.1
8800 -83.1
8815 -83.1
8831 -83.2
8846 -83.5
8862 -83.5
8878 -83.5
8893 -83.6
8909 -83.8
8924 -83.9
8940 -84.2
8955 -84.3
8971 -84.5
8987 -84.6
9002 -84.8
9018 -85.1
9033 -85.3
9049 -85.4
9065 -85.7
9080 -85.8
9096 -85.8
9111 -85.9
9127 -85.9
9143 -86.1
9158 -86.1
9174 -86.1
9189 -86
9205 -86
9220 -86
9236 -85.9
9252 -85.7
9267 -85.4
9283 -85.5
9298 -85.5
9314 -85.4
9330 -85.4
9345 -85.3
9361 -85.4
9376 -85.5
9392 -85.4
9408 -85.5
9423 -85.4
9439 -85.6
9454 -85.6
9470 -85.6
9486 -85.7
9501 -85.7
9517 -85.7
9532 -85.7
9548 -85.6
9563 -85.6
9579 -85.5
9595 -85.4
9610 -85.3
9626 -85.2
9641 -85.2
9657 -85.1
9673 -85.2
9688 -85.1
9704 -85.4
9719 -85.4
9735 -85.4
9751 -85.4
9766 -85.5
9782 -85.6
9797 -85.5
9813 -85.5
9829 -85.6
9844 -85.5
9860 -85.6
9875 -85.6
9891 -85.5
9906 -85.5
9922 -85.6
9938 -85.7
9953 -85.5
9969 -85.6
9984 -85.7
10000 -85.8
10000 -85.9
10045 -86
10089 -86.1
10134 -86
10178 -86.1
10223 -86.3
10267 -86.3
10312 -86.2
10356 -86.3
10401 -86.3
10445 -86.2
10490 -86.1
10535 -86.2
10579 -86
10624 -85.9
10668 -85.8
10713 -85.7
10757 -85.5
10802 -85.7
10846 -85.7
10891 -85.8
10935 -85.7
10980 -85.6
11024 -85.7
11069 -85.8
11114 -86
11158 -86
11203 -85.9
11247 -85.8
11292 -85.9
11336 -86
11381 -85.9
11425 -86.1
11470 -86.3
11514 -86.3
11559 -86.5
11604 -86.5
11648 -86.5
11693 -86.6
11737 -86.4
11782 -86.2
11826 -86.2
11871 -86.3
11915 -86.2
11960 -86.3
12004 -86.2
12049 -86.1
12094 -85.9
12138 -85.6
12183 -85.3
12227 -85
12272 -84.8
12316 -84.6
12361 -84.7
12405 -85
12450 -85.2
12494 -85.5
12539 -85.7
12584 -85.8
12628 -85.9
12673 -86
12717 -86.2
12762 -86.4
12806 -86.7
12851 -87.1
12895 -87.5
12940 -87.7
12984 -87.9
13029 -88.1
13073 -88
13118 -87.9
13163 -87.9
13207 -87.9
13252 -87.7
13296 -87.9
13341 -88.3
13385 -88.8
13430 -89.2
13474 -89.4
13519 -89.9
13563 -90.2
13608 -90.5
13653 -91
13697 -91.4
13742 -91.7
13786 -92
13831 -92.2
13875 -92.6
13920 -93
13964 -93.4
14009 -93.5
14053 -93.5
14098 -93.5
14143 -93.4
14187 -93.5
14232 -93.4
14276 -93.2
14321 -93.2
14365 -93
14410 -93
14454 -93.1
14499 -93.2
14543 -93.4
14588 -93.4
14633 -93.3
14677 -93.2
14722 -93.2
14766 -93.1
14811 -93.1
14855 -93.2
14900 -93.2
14944 -93.3
14989 -93.5
15033 -93.7
15078 -93.7
15122 -93.9
15167 -93.8
15212 -93.8
15256 -93.9
15301 -94
15345 -94
15390 -94.2
15434 -94.2
15479 -94.2
15523 -94.1
15568 -94.1
15612 -94.1
15657 -94.1
15702 -94.1
15746 -93.9
15791 -93.7
15835 -93.3
15880 -93.1
15924 -92.9
15969 -92.6
16013 -92.4
16058 -92.4
16102 -92.3
16147 -92.2
16192 -92.3
16236 -92.3
16281 -92.3
16325 -92.3
16370 -92.2
16414 -92.1
16459 -92.1
16503 -92.3
16548 -92.5
16592 -92.8
16637 -93
16682 -93.3
16726 -93.6
16771 -93.8
16815 -93.8
16860 -94
16904 -93.9
16949 -94
16993 -93.9
17038 -93.9
17082 -93.7
17127 -93.9
17171 -93.9
17216 -94
17261 -94
17305 -94.2
17350 -94.2
17394 -94.1
17439 -94.1
17483 -94.1
17528 -94.1
17572 -94
17617 -94.1
17661 -94.2
17706 -94.4
17751 -94.7
17795 -94.8
17840 -94.7
17884 -94.8
17929 -94.7
17973 -94.8
18018 -94.8
18062 -94.9
18107 -94.9
18151 -94.9
18196 -94.7
18241 -94.6
18285 -94.6
18330 -94.4
18374 -94.3
18419 -93.9
18463 -93.8
18508 -93.8
18552 -93.9
18597 -93.9
18641 -94.1
18686 -94.1
18731 -94.1
18775 -94
18820 -94
18864 -94
18909 -94.3
18953 -94.5
18998 -94.7
19042 -95.2
19087 -95.6
19131 -95.8
19176 -96
19220 -96.1
19265 -96.2
19310 -96.1
19354 -96.2
19399 -96.2
19443 -96.1
19488 -96.1
19532 -96.2
19577 -96.3
19621 -96.1
19666 -96
19710 -96
19755 -95.7
19800 -95.5
19844 -95.6
19889 -95.6
19933 -95.7
19978 -95.6
20022 -95.8
20067 -95.9
20111 -95.8
20156 -96.1
20200 -96.2
20245 -96.2
20290 -96.2
20334 -96.4
20379 -96.3
20423 -96.4
20468 -96.4
20512 -96.6
20557 -96.7
20601 -96.8
20646 -96.7
20690 -96.9
20735 -96.8
20780 -96.5
20824 -96.3
20869 -96.1
20913 -95.9
20958 -95.7
21002 -95.7
21047 -95.8
21091 -95.9
21136 -96.1
21180 -96.3
21225 -96.1
21269 -96
21314 -95.8
21359 -95.9
21403 -95.8
21448 -96
21492 -96.2
21537 -96.4
21581 -96.6
21626 -97
21670 -97.2
21715 -97.4
21759 -97.3
21804 -97.3
21849 -97.1
21893 -97
21938 -97.2
21982 -97.3
22027 -97.5
22071 -97.6
22116 -97.6
22160 -97.6
22205 -97.7
22249 -97.8
22294 -97.9
22339 -98.2
22383 -98.2
22428 -98.1
22472 -98.2
22517 -98.5
22561 -98.6
22606 -98.5
22650 -98.5
22695 -98.7
22739 -98.7
22784 -98.8
22829 -98.9
22873 -98.9
22918 -99
22962 -99
23007 -99.1
23051 -98.8
23096 -98.9
23140 -99
23185 -99
23229 -99
23274 -99
23318 -99.2
23363 -98.9
23408 -98.6
23452 -98.3
23497 -98.1
23541 -98
23586 -98.1
23630 -98.2
23675 -98.2
23719 -98.1
23764 -98.2
23808 -98.2
23853 -98.4
23898 -98.4
23942 -98.4
23987 -98.5
24031 -98.4
24076 -98.8
24120 -99.2
24165 -99.4
24209 -99.6
24254 -99.9
24298 -100
24343 -100
24388 -99.9
24432 -100
24477 -99.8
24521 -99.7
24566 -99.5
24610 -99.6
24655 -99.4
24699 -99.4
24744 -99.1
24788 -98.9
24833 -98.8
24878 -98.8
24922 -98.8
24967 -98.6
25011 -98.6
25056 -98.6
25100 -98.7
25145 -98.7
25189 -98.9
25234 -98.9
25278 -99.1
25323 -99.1
25367 -99.2
25412 -99.1
25457 -99.3
25501 -99.5
25546 -99.5
25590 -99.6
25635 -99.7
25679 -100
25724 -100
25768 -99.9
25813 -100
25857 -99.8
25902 -99.7
25947 -99.7
25991 -99.7
26036 -99.8
26080 -99.8
26125 -100
26169 -100.3
26214 -100.3
26258 -100.3
26303 -100.4
26347 -100.5
26392 -100.4
26437 -100.5
26481 -100.8
26526 -100.7
26570 -101
26615 -101.1
26659 -101.3
26704 -101.5
26748 -101.5
26793 -101.6
26837 -101.6
26882 -101.6
26927 -101.7
26971 -101.9
27016 -101.8
27060 -101.8
27105 -101.8
27149 -101.7
27194 -101.5
27238 -101.5
27283 -101.5
27327 -101.5
27372 -101.5
27416 -101.5
27461 -101.5
27506 -101.4
27550 -101.3
27595 -101.5
27639 -101.6
27684 -101.5
27728 -101.5
27773 -101.5
27817 -101.6
27862 -101.6
27906 -101.7
27951 -101.7
27996 -101.7
28040 -101.7
28085 -101.7
28129 -101.6
28174 -101.5
28218 -101.5
28263 -101.5
28307 -101.4
28352 -101.1
28396 -100.9
28441 -101
28486 -100.9
28530 -100.9
28575 -100.9
28619 -101
28664 -100.9
28708 -101
28753 -100.8
28797 -100.9
28842 -101
28886 -101.2
28931 -101.3
28976 -101.3
29020 -101.4
29065 -101.5
29109 -101.6
29154 -101.6
29198 -101.7
29243 -101.7
29287 -101.8
29332 -101.9
29376 -102.1
29421 -102.2
29465 -102.4
29510 -102.3
29555 -102.3
29599 -102.2
29644 -101.9
29688 -101.9
29733 -102
29777 -102.1
29822 -102.3
29866 -102.5
29911 -102.5
29955 -102.8
30000 -102.7
30000 -102.5
30156 -102.5
30312 -102.4
30468 -102.4
30624 -102.5
30780 -102.6
30935 -102.7
31091 -102.9
31247 -102.9
31403 -102.8
31559 -102.6
31715 -102.7
31871 -102.5
32027 -102.5
32183 -102.4
32339 -102.4
32494 -102.6
32650 -102.8
32806 -102.9
32962 -102.8
33118 -102.9
33274 -103
33430 -103.1
33586 -103.3
33742 -103.4
33898 -103.5
34053 -103.7
34209 -103.7
34365 -103.8
34521 -104
34677 -104
34833 -104.1
34989 -104.1
35145 -104.2
35301 -104.5
35457 -104.6
35612 -104.5
35768 -104.6
35924 -104.7
36080 -104.7
36236 -104.6
36392 -104.6
36548 -104.7
36704 -104.7
36860 -104.7
37016 -104.6
37171 -104.7
37327 -104.6
37483 -104.4
37639 -104.3
37795 -104.1
37951 -104.2
38107 -104.2
38263 -104.2
38419 -104.4
38575 -104.4
38731 -104.5
38886 -104.7
39042 -104.7
39198 -104.8
39354 -104.9
39510 -105
39666 -104.9
39822 -104.9
39978 -105.1
40134 -105.4
40290 -105.4
40445 -105.4
40601 -105.5
40757 -105.5
40913 -105.4
41069 -105.6
41225 -105.6
41381 -105.5
41537 -105.4
41693 -105.4
41849 -105.5
42004 -105.4
42160 -105.5
42316 -105.6
42472 -105.6
42628 -105.6
42784 -105.7
42940 -106
43096 -106.2
43252 -106.3
43408 -106.3
43563 -106.2
43719 -106.4
43875 -106.4
44031 -106.6
44187 -106.7
44343 -106.7
44499 -106.8
44655 -106.7
44811 -106.7
44967 -107
45122 -107
45278 -106.9
45434 -106.7
45590 -106.7
45746 -106.7
45902 -106.7
46058 -106.7
46214 -106.6
46370 -106.5
46526 -106.4
46682 -106.2
46837 -106.4
46993 -106.3
47149 -106.7
47305 -106.7
47461 -106.5
47617 -106.3
47773 -106.5
47929 -106.6
48085 -106.5
48241 -106.5
48396 -106.6
48552 -106.8
48708 -106.9
48864 -106.9
49020 -107.2
49176 -107.4
49332 -107.3
49488 -107.4
49644 -107.3
49800 -107.6
49955 -107.9
50111 -107.9
50267 -107.7
50423 -107.8
50579 -107.9
50735 -108
50891 -107.9
51047 -107.8
51203 -108
51359 -108
51514 -107.9
51670 -107.9
51826 -107.8
51982 -108
52138 -108
52294 -107.8
52450 -107.8
52606 -107.9
52762 -108.1
52918 -108
53073 -107.9
53229 -108
53385 -108.2
53541 -108.3
53697 -108.2
53853 -108.3
54009 -108.6
54165 -108.8
54321 -108.8
54477 -108.8
54633 -108.9
54788 -109
54944 -109.1
55100 -109
55256 -108.9
55412 -108.9
55568 -109
55724 -108.9
55880 -108.8
56036 -108.7
56192 -108.5
56347 -108.6
56503 -108.3
56659 -108.1
56815 -108.2
56971 -108.1
57127 -108.1
57283 -108
57439 -107.8
57595 -108
57751 -108
57906 -108.1
58062 -108.1
58218 -108.1
58374 -108.1
58530 -108.2
58686 -108.4
58842 -108.2
58998 -108.3
59154 -108.5
59310 -108.6
59465 -108.8
59621 -108.8
59777 -109
59933 -109.1
60089 -109.3
60245 -109.3
60401 -109.4
60557 -109.4
60713 -109.5
60869 -109.4
61024 -109.5
61180 -109.4
61336 -109.6
61492 -109.8
61648 -109.8
61804 -109.6
61960 -109.3
62116 -109.2
62272 -109.1
62428 -108.9
62584 -108.7
62739 -108.7
62895 -108.6
63051 -108.4
63207 -108.3
63363 -108.3
63519 -108.3
63675 -108.2
63831 -108.3
63987 -108.1
64143 -108.1
64298 -108.2
64454 -108.3
64610 -108.2
64766 -108.2
64922 -108.3
65078 -108.5
65234 -108.5
65390 -108.6
65546 -108.8
65702 -108.8
65857 -109
66013 -109
66169 -108.9
66325 -108.7
66481 -108.7
66637 -108.5
66793 -108.3
66949 -108.2
67105 -108.3
67261 -108.4
67416 -108.5
67572 -108.6
67728 -108.5
67884 -108.4
68040 -108.1
68196 -108.1
68352 -107.9
68508 -107.9
68664 -108.2
68820 -108.2
68976 -108.3
69131 -108.4
69287 -108.8
69443 -108.9
69599 -109
69755 -109.1
69911 -108.8
70067 -108.6
70223 -108.6
70379 -108.4
70535 -108.6
70690 -108.7
70846 -109.1
71002 -109.3
71158 -109.1
71314 -109.4
71470 -109.5
71626 -109.3
71782 -108.9
71938 -108.9
72094 -108.7
72249 -108.4
72405 -108.5
72561 -108.7
72717 -108.8
72873 -108.8
73029 -108.7
73185 -108.5
73341 -108.2
73497 -107.9
73653 -107.7
73808 -107.3
73964 -106.9
74120 -106.9
74276 -106.9
74432 -106.8
74588 -106.9
74744 -107.1
74900 -107.1
75056 -106.9
75212 -106.7
75367 -106.6
75523 -106.4
75679 -106.3
75835 -106.2
75991 -106.1
76147 -106.2
76303 -106.5
76459 -106.5
76615 -106.6
76771 -106.5
76927 -106.5
77082 -106.3
77238 -106.1
77394 -105.9
77550 -105.8
77706 -105.8
77862 -105.8
78018 -106.1
78174 -106.2
78330 -106.4
78486 -106.6
78641 -106.8
78797 -106.6
78953 -106.5
79109 -106.4
79265 -106.3
79421 -106.2
79577 -106.2
79733 -106.3
79889 -106.5
80045 -106.6
80200 -106.9
80356 -107
80512 -106.9
80668 -106.8
80824 -106.5
80980 -106.4
81136 -106.1
81292 -106
81448 -106.1
81604 -106.3
81759 -106.7
81915 -106.9
82071 -107
82227 -107.1
82383 -107.2
82539 -107.1
82695 -106.8
82851 -106.5
83007 -106.4
83163 -106.5
83318 -106.7
83474 -106.8
83630 -107
83786 -107.3
83942 -107.3
84098 -107.3
84254 -107.2
84410 -107.1
84566 -106.9
84722 -106.5
84878 -106.1
85033 -106.1
85189 -106.2
85345 -106.4
85501 -106.7
85657 -106.8
85813 -106.8
85969 -106.8
86125 -106.9
86281 -106.5
86437 -106.4
86592 -106.2
86748 -106.1
86904 -106
87060 -106.2
87216 -106.6
87372 -106.9
87528 -107.1
87684 -107.3
87840 -107.4
87996 -107.2
88151 -107.1
88307 -106.9
88463 -106.7
88619 -106.6
88775 -106.7
88931 -106.8
89087 -107.1
89243 -107.3
89399 -107.4
89555 -107.5
89710 -107.5
89866 -107.4
90022 -107.2
90178 -106.9
90334 -106.6
90490 -106.4
90646 -106.5
90802 -106.8
90958 -106.9
91114 -107.2
91269 -107.4
91425 -107.4
91581 -107.2
91737 -107.1
91893 -106.9
92049 -106.7
92205 -106.4
92361 -106.2
92517 -106.2
92673 -106.5
92829 -106.8
92984 -107.2
93140 -107.4
93296 -107.4
93452 -107.4
93608 -107.1
93764 -106.9
93920 -106.8
94076 -106.7
94232 -106.9
94388 -107
94543 -107.4
94699 -107.7
94855 -107.9
95011 -108.2
95167 -108.2
95323 -108.1
95479 -107.8
95635 -107.7
95791 -107.4
95947 -107.3
96102 -107.3
96258 -107.5
96414 -107.7
96570 -108.1
96726 -108.2
96882 -108.3
97038 -108.3
97194 -108.2
97350 -108.1
97506 -107.8
97661 -107.5
97817 -107.5
97973 -107.6
98129 -107.7
98285 -107.8
98441 -108.1
98597 -108.2
98753 -108.1
98909 -108.1
99065 -107.8
99220 -107.7
99376 -107.6
99532 -107.7
99688 -107.7
99844 -107.9
100000 -108.2
100000 -108.6
100445 -108.8
100891 -108.9
101336 -109
101782 -109
102227 -108.9
102673 -108.8
103118 -108.9
103563 -108.8
104009 -108.7
104454 -108.7
104900 -108.7
105345 -108.6
105791 -108.7
106236 -108.6
106682 -108.5
107127 -108.4
107572 -108.3
108018 -108.2
108463 -108.2
108909 -108.3
109354 -108.5
109800 -108.6
110245 -108.7
110690 -108.8
111136 -108.9
111581 -108.9
112027 -108.9
112472 -109
112918 -108.9
113363 -109
113808 -108.9
114254 -108.9
114699 -108.9
115145 -109
115590 -109
116036 -109
116481 -108.8
116927 -108.9
117372 -108.9
117817 -109
118263 -108.9
118708 -108.9
119154 -109
119599 -109.1
120045 -109.2
120490 -109.4
120935 -109.5
121381 -109.4
121826 -109.4
122272 -109.3
122717 -109.3
123163 -109.2
123608 -109.2
124053 -109.1
124499 -109.1
124944 -109.1
125390 -109.1
125835 -109
126281 -109
126726 -109
127171 -109
127617 -108.9
128062 -108.9
128508 -109.1
128953 -109.2
129399 -109.4
129844 -109.4
130290 -109.5
130735 -109.6
131180 -109.7
131626 -109.6
132071 -109.6
132517 -109.7
132962 -109.7
133408 -109.6
133853 -109.5
134298 -109.4
134744 -109.3
135189 -109.3
135635 -109.2
136080 -109.1
136526 -109
136971 -109.1
137416 -109
137862 -109
138307 -109.2
138753 -109.4
139198 -109.5
139644 -109.5
140089 -109.6
140535 -109.7
140980 -109.7
141425 -109.8
141871 -109.8
142316 -109.7
142762 -109.7
143207 -109.7
143653 -109.5
144098 -109.4
144543 -109.4
144989 -109.4
145434 -109.3
145880 -109
146325 -109.1
146771 -109
147216 -109
147661 -109.1
148107 -109.2
148552 -109.3
148998 -109.6
149443 -109.7
149889 -109.8
150334 -109.9
150780 -110
151225 -110
151670 -110
152116 -109.8
152561 -109.7
153007 -109.9
153452 -109.7
153898 -109.7
154343 -109.6
154788 -109.5
155234 -109.5
155679 -109.4
156125 -109.2
156570 -109.2
157016 -109.2
157461 -109.3
157906 -109.4
158352 -109.6
158797 -109.8
159243 -110
159688 -110.2
160134 -110.2
160579 -110.2
161024 -110.3
161470 -110.3
161915 -110.3
162361 -110.3
162806 -110.2
163252 -110.2
163697 -110.1
164143 -110
164588 -109.9
165033 -109.8
165479 -109.7
165924 -109.7
166370 -109.6
166815 -109.6
167261 -109.6
167706 -109.8
168151 -109.9
168597 -109.9
169042 -109.9
169488 -110
169933 -110.1
170379 -110.2
170824 -110.2
171269 -110.2
171715 -110.1
172160 -110.1
172606 -110.1
173051 -110.1
173497 -110.1
173942 -109.9
174388 -109.9
174833 -109.7
175278 -109.5
175724 -109.5
176169 -109.5
176615 -109.5
177060 -109.6
177506 -109.7
177951 -109.8
178396 -109.9
178842 -110.1
179287 -110.1
179733 -110.2
180178 -110.1
180624 -110.1
181069 -110
181514 -110
181960 -110.1
182405 -110.1
182851 -110
183296 -110
183742 -110
184187 -109.9
184633 -109.7
185078 -109.6
185523 -109.5
185969 -109.6
186414 -109.5
186860 -109.6
187305 -109.6
187751 -109.7
188196 -109.9
188641 -110.1
189087 -110.1
189532 -110.3
189978 -110.4
190423 -110.3
190869 -110.2
191314 -110.3
191759 -110.3
192205 -110.2
192650 -110.2
193096 -110.1
193541 -110
193987 -110
194432 -109.9
194878 -109.9
195323 -109.8
195768 -109.7
196214 -109.6
196659 -109.7
197105 -109.8
197550 -110
197996 -110.2
198441 -110.2
198886 -110.3
199332 -110.4
199777 -110.5
200223 -110.6
200668 -110.6
201114 -110.6
201559 -110.6
202004 -110.5
202450 -110.4
202895 -110.5
203341 -110.4
203786 -110.4
204232 -110.3
204677 -110.2
205122 -110
205568 -110.1
206013 -110.1
206459 -110.1
206904 -110.2
207350 -110.2
207795 -110.4
208241 -110.4
208686 -110.6
209131 -110.7
209577 -110.6
210022 -110.6
210468 -110.5
210913 -110.5
211359 -110.3
211804 -110.3
212249 -110.3
212695 -110.2
213140 -110
213586 -110.1
214031 -110
214477 -109.9
214922 -109.9
215367 -109.8
215813 -109.8
216258 -109.8
216704 -110.1
217149 -110.2
217595 -110.4
218040 -110.6
218486 -110.8
218931 -110.8
219376 -110.8
219822 -110.8
220267 -110.7
220713 -110.7
221158 -110.6
221604 -110.5
222049 -110.3
222494 -110.3
222940 -110.3
223385 -110.2
223831 -110
224276 -109.9
224722 -109.7
225167 -109.6
225612 -109.6
226058 -109.7
226503 -109.9
226949 -109.9
227394 -110.1
227840 -110.2
228285 -110.3
228731 -110.5
229176 -110.6
229621 -110.6
230067 -110.6
230512 -110.6
230958 -110.5
231403 -110.4
231849 -110.5
232294 -110.3
232739 -110.3
233185 -110.2
233630 -110.2
234076 -110.3
234521 -110.2
234967 -110.2
235412 -110.2
235857 -110.2
236303 -110.3
236748 -110.5
237194 -110.6
237639 -110.6
238085 -110.7
238530 -110.8
238976 -110.8
239421 -110.8
239866 -110.8
240312 -110.8
240757 -110.7
241203 -110.6
241648 -110.5
242094 -110.4
242539 -110.3
242984 -110.3
243430 -110.1
243875 -110.1
244321 -110
244766 -110
245212 -110.1
245657 -110.1
246102 -110.1
246548 -110.3
246993 -110.4
247439 -110.5
247884 -110.5
248330 -110.5
248775 -110.6
249220 -110.6
249666 -110.5
250111 -110.4
250557 -110.5
251002 -110.4
251448 -110.5
251893 -110.4
252339 -110.3
252784 -110.3
253229 -110.2
253675 -110.3
254120 -110
254566 -110
255011 -110
255457 -110.1
255902 -110.2
256347 -110.3
256793 -110.5
257238 -110.7
257684 -110.8
258129 -110.8
258575 -110.8
259020 -110.9
259465 -110.9
259911 -110.8
260356 -110.8
260802 -110.8
261247 -111
261693 -111
262138 -111
262584 -110.9
263029 -110.7
263474 -110.7
263920 -110.4
264365 -110.4
264811 -110.4
265256 -110.5
265702 -110.5
266147 -110.6
266592 -110.7
267038 -110.8
267483 -110.9
267929 -110.8
268374 -110.7
268820 -110.7
269265 -110.7
269710 -110.7
270156 -110.7
270601 -110.5
271047 -110.5
271492 -110.5
271938 -110.3
272383 -110.2
272829 -110.3
273274 -110.1
273719 -110
274165 -110
274610 -110.1
275056 -110.2
275501 -110.4
275947 -110.5
276392 -110.6
276837 -110.6
277283 -110.6
277728 -110.7
278174 -110.9
278619 -110.8
279065 -110.7
279510 -110.6
279955 -110.6
280401 -110.6
280846 -110.4
281292 -110.4
281737 -110.3
282183 -110.3
282628 -110.2
283073 -110.2
283519 -110
283964 -110.1
284410 -110.3
284855 -110.4
285301 -110.4
285746 -110.6
286192 -110.8
286637 -110.9
287082 -111
287528 -111.1
287973 -111.2
288419 -111.2
288864 -111.2
289310 -111
289755 -111.1
290200 -111.1
290646 -111.2
291091 -111.1
291537 -110.9
291982 -110.8
292428 -110.6
292873 -110.5
293318 -110.4
293764 -110.4
294209 -110.4
294655 -110.5
295100 -110.7
295546 -110.8
295991 -111
296437 -111.1
296882 -111.2
297327 -111.3
297773 -111.2
298218 -111.5
298664 -111.6
299109 -111.8
299555 -111.8
300000 -112
300000 -112.2
301559 -112.3
303118 -112.3
304677 -112.2
306236 -112.1
307795 -111.9
309354 -111.9
310913 -111.9
312472 -111.9
314031 -111.8
315590 -111.9
317149 -111.8
318708 -111.8
320267 -111.7
321826 -111.9
323385 -111.8
324944 -111.9
326503 -111.8
328062 -111.9
329621 -111.9
331180 -111.9
332739 -112
334298 -112.1
335857 -112.2
337416 -112.3
338976 -112.5
340535 -112.5
342094 -112.5
343653 -112.6
345212 -112.6
346771 -112.6
348330 -112.6
349889 -112.4
351448 -112.6
353007 -112.7
354566 -113.1
356125 -113.1
357684 -113.3
359243 -113.3
360802 -113.2
362361 -113.3
363920 -113.4
365479 -113.5
367038 -113.6
368597 -113.7
370156 -113.8
371715 -113.9
373274 -114
374833 -114.2
376392 -114.1
377951 -114.2
379510 -114.1
381069 -114
382628 -114
384187 -114
385746 -114.1
387305 -114
388864 -113.9
390423 -113.9
391982 -113.9
393541 -113.8
395100 -113.9
396659 -114.1
398218 -114.2
399777 -114.2
401336 -114.3
402895 -114.3
404454 -114.4
406013 -114.6
407572 -114.7
409131 -114.7
410690 -114.8
412249 -115
413808 -115.2
415367 -115.2
416927 -115.3
418486 -115.4
420045 -115.4
421604 -115.5
423163 -115.5
424722 -115.6
426281 -115.7
427840 -115.7
429399 -115.8
430958 -115.9
432517 -115.9
434076 -116
435635 -116.1
437194 -116.1
438753 -116.3
440312 -116.5
441871 -116.4
443430 -116.6
444989 -116.7
446548 -116.5
448107 -116.7
449666 -116.8
451225 -116.9
452784 -116.9
454343 -117.1
455902 -117.1
457461 -117.4
459020 -117.4
460579 -117.4
462138 -117.5
463697 -117.5
465256 -117.5
466815 -117.5
468374 -117.6
469933 -117.5
471492 -117.7
473051 -117.8
474610 -118
476169 -118.1
477728 -118.2
479287 -118.1
480846 -118.1
482405 -118
483964 -118.1
485523 -118.1
487082 -118.2
488641 -118.1
490200 -118
491759 -118.2
493318 -118.3
494878 -118.4
496437 -118.5
497996 -118.3
499555 -118.2
501114 -118.3
502673 -118.4
504232 -118.5
505791 -118.4
507350 -118.5
508909 -118.6
510468 -118.7
512027 -118.6
513586 -118.7
515145 -118.9
516704 -119
518263 -119
519822 -119.1
521381 -119.1
522940 -119.4
524499 -119.6
526058 -119.7
527617 -119.6
529176 -119.6
530735 -119.6
532294 -119.8
533853 -120
535412 -120
536971 -120.1
538530 -120.2
540089 -120.2
541648 -120.1
543207 -120.2
544766 -120.3
546325 -120.4
547884 -120.3
549443 -120.2
551002 -120.2
552561 -120.3
554120 -120.4
555679 -120.7
557238 -120.7
558797 -120.5
560356 -120.5
561915 -120.6
563474 -120.8
565033 -120.9
566592 -121.2
568151 -121.3
569710 -121.3
571269 -121.1
572829 -121.2
574388 -121.2
575947 -121.1
577506 -121
579065 -121.2
580624 -121.1
582183 -121
583742 -121.2
585301 -121.3
586860 -121.2
588419 -121.2
589978 -121.2
591537 -121
593096 -121
594655 -121.1
596214 -121.3
597773 -121.4
599332 -121.5
600891 -121.6
602450 -121.7
604009 -121.8
605568 -122
607127 -122.1
608686 -122.1
610245 -122.1
611804 -122
613363 -122.2
614922 -122.2
616481 -122.3
618040 -122.4
619599 -122.3
621158 -122.2
622717 -122.3
624276 -122.3
625835 -122.3
627394 -122.5
628953 -122.3
630512 -122.3
632071 -122.2
633630 -122.3
635189 -122.4
636748 -122.6
638307 -122.5
639866 -122.5
641425 -122.6
642984 -122.6
644543 -122.7
646102 -122.9
647661 -123.2
649220 -123.2
650780 -123.4
652339 -123.4
653898 -123.5
655457 -123.6
657016 -123.7
658575 -123.9
660134 -124
661693 -124
663252 -124
664811 -124.1
666370 -124
667929 -124.1
669488 -124
671047 -123.9
672606 -123.8
674165 -123.8
675724 -123.8
677283 -123.9
678842 -124
680401 -124.1
681960 -124
683519 -123.9
685078 -123.9
686637 -124.2
688196 -124.3
689755 -124.4
691314 -124.4
692873 -124.5
694432 -124.6
695991 -124.6
697550 -124.7
699109 -124.7
700668 -124.7
702227 -124.6
703786 -124.7
705345 -124.6
706904 -124.7
708463 -124.6
710022 -124.6
711581 -124.6
713140 -124.7
714699 -124.7
716258 -124.8
717817 -124.9
719376 -124.9
720935 -125.2
722494 -125.2
724053 -125.4
725612 -125.3
727171 -125.5
728731 -125.6
730290 -125.6
731849 -125.8
733408 -126.3
734967 -126.3
736526 -126.5
738085 -126.6
739644 -126.8
741203 -126.9
742762 -126.9
744321 -126.9
745880 -126.9
747439 -126.9
748998 -126.8
750557 -126.9
752116 -127
753675 -126.9
755234 -127.1
756793 -126.9
758352 -126.8
759911 -126.7
761470 -126.6
763029 -126.6
764588 -126.6
766147 -126.6
767706 -126.7
769265 -126.8
770824 -127
772383 -127.3
773942 -127.5
775501 -127.5
777060 -127.7
778619 -128
780178 -128.1
781737 -128.4
783296 -128.6
784855 -129
786414 -129.1
787973 -129.3
789532 -129.3
791091 -129.4
792650 -129.5
794209 -129.4
795768 -129.4
797327 -129.3
798886 -129.4
800445 -129.5
802004 -129.4
803563 -129.5
805122 -129.6
806682 -129.6
808241 -129.5
809800 -129.5
811359 -129.6
812918 -129.7
814477 -129.6
816036 -129.6
817595 -129.7
819154 -129.8
820713 -130
822272 -130.2
823831 -130.2
825390 -130.4
826949 -130.4
828508 -130.4
830067 -130.5
831626 -130.6
833185 -130.8
834744 -130.8
836303 -131
837862 -131
839421 -131.3
840980 -131.5
842539 -131.6
844098 -131.8
845657 -131.6
847216 -131.6
848775 -131.8
850334 -131.8
851893 -132
853452 -132.1
855011 -132.3
856570 -132.3
858129 -132.3
859688 -132.4
861247 -132.3
862806 -132.4
864365 -132.4
865924 -132.5
867483 -132.6
869042 -132.6
870601 -132.8
872160 -132.8
873719 -132.8
875278 -133
876837 -132.9
878396 -132.9
879955 -132.7
881514 -132.7
883073 -132.7
884633 -132.8
886192 -132.9
887751 -132.8
889310 -132.8
890869 -132.6
892428 -132.4
893987 -132.1
895546 -132.1
897105 -132
898664 -132
900223 -132
901782 -132
903341 -132
904900 -132.2
906459 -132.1
908018 -132.4
909577 -132.4
911136 -132.6
912695 -132.9
914254 -133
915813 -133.3
917372 -133.8
918931 -133.8
920490 -134
922049 -134.3
923608 -134.5
925167 -134.6
926726 -134.8
928285 -134.9
929844 -134.8
931403 -135
932962 -135.1
934521 -135
936080 -134.9
937639 -134.8
939198 -134.9
940757 -134.9
942316 -134.7
943875 -134.8
945434 -134.8
946993 -134.7
948552 -134.6
950111 -134.6
951670 -134.7
953229 -134.7
954788 -134.9
956347 -134.8
957906 -134.6
959465 -134.7
961024 -134.7
962584 -134.9
964143 -134.9
965702 -134.7
967261 -134.9
968820 -135.1
970379 -135
971938 -135.2
973497 -135.3
975056 -135.3
976615 -135.2
978174 -135.3
979733 -135.2
981292 -135.4
982851 -135.4
984410 -135.6
985969 -135.4
987528 -135.2
989087 -135.2
990646 -135.3
992205 -135.2
993764 -135.1
995323 -135.2
996882 -135.2
998441 -135.3
1000000 -135.2
